4096 117221.420830 39955916
String sum of elements
0
0
0
0
0
0
0
0
0
0
0
0
0
0
0
0
0
0
0
0
0
0
0
0
0
0
0
0
0
0
0
0
0
0
0
0
0
0
0
0
0
0
0
0
0
0
0
0
0
0
0
0
0
0
0
0
0
0
0
0
0
0
0
0
0
0
0
0
0
0
0
0
0
0
0
0
0
0
0
0
0
0
0
0
0
0
0
0
0
0
0
0
0
0
0
0
0
0
0
0
0
0
0
0
0
0
0
0
0
0
0
0
0
0
0
0
0
0
0
0
0
0
0
0
0
0
0
0
0
0
0
0
0
0
0
0
0
0
0
0
0
0
0
0
0
0
0
0
0
0
0
0
0
0
0
0
0
0
0
0
0
0
0
0
0
0
0
0
0
0
0
0
0
0
0
0
0
0
0
0
0
0
0
0
0
0
0
0
0
0
0
0
0
0
0
0
0
0
0
0
0
0
0
0
0
0
0
0
0
0
0
0
0
0
0
0
0
0
0
0
0
0
0
0
0
0
0
0
0
0
0
0
0
0
0
0
0
0
0
0
0
0
0
0
0
0
0
0
0
0
0
0
0
0
0
0
0
0
0
0
0
0
0
0
0
0
0
0
0
0
0
0
0
0
0
0
0
0
0
0
0
0
0
0
0
0
0
0
0
0
0
0
0
0
0
0
0
0
0
0
0
0
0
0
0
0
0
0
0
0
0
0
0
0
0
0
0
0
0
0
0
0
0
0
0
0
0
0
0
0
0
0
0
0
0
0
0
1
0
0
0
0
0
0
0
0
0
0
0
0
0
0
0
0
0
0
0
0
0
0
0
0
0
0
0
0
0
0
0
0
0
0
0
0
0
0
0
0
0
0
0
0
0
0
0
0
0
0
0
0
0
0
0
0
0
0
0
0
0
0
0
0
0
0
0
0
0
0
0
0
0
0
0
0
0
0
0
0
0
0
0
0
0
0
0
0
0
0
0
0
0
0
0
0
0
0
0
0
0
0
0
0
0
0
0
0
0
0
0
0
0
0
0
0
0
0
0
0
0
0
0
0
0
0
0
0
0
0
0
0
0
0
0
0
0
0
0
0
0
0
0
0
0
0
0
0
0
0
0
1
0
2
1
2
1
8
5
5
7
16
21
33
32
35
47
57
64
80
80
126
105
158
177
192
227
238
261
277
365
389
421
439
523
553
618
613
652
754
733
833
881
943
945
1083
1125
1097
1214
1264
1202
1281
1302
1301
1318
1401
1432
1395
1403
1395
1482
1421
1395
1420
1432
1391
1355
1305
1271
1256
1134
1179
1209
1102
1073
1007
871
868
850
811
714
689
656
570
559
484
456
401
361
349
288
267
238
221
184
185
137
131
108
96
82
79
60
60
32
33
28
22
20
11
12
12
22
18
14
16
20
25
22
32
35
38
42
62
74
84
92
95
116
119
164
188
186
207
216
240
266
298
342
390
462
437
469
491
546
619
646
669
748
759
818
866
895
988
961
1023
1079
1121
1137
1161
1113
1233
1268
1290
1246
1215
1301
1293
1235
1330
1283
1320
1375
1315
1224
1310
1180
1245
1150
1125
1117
1101
1077
995
970
919
862
842
818
807
756
680
656
603
539
542
460
417
399
375
339
335
300
254
248
221
188
162
154
119
118
123
88
79
81
52
42
46
41
40
42
39
43
40
37
51
39
44
55
43
60
83
83
103
98
108
120
147
134
187
198
248
228
277
298
354
349
376
422
417
471
476
551
580
615
585
673
690
705
803
793
859
847
968
953
1013
1060
1014
1022
1150
1125
1194
1143
1168
1193
1220
1252
1230
1230
1266
1262
1239
1174
1196
1190
1197
1168
1088
1136
1087
1017
1005
1050
964
933
868
850
831
782
747
777
679
629
594
554
528
502
466
427
400
383
337
333
309
276
240
238
214
187
171
130
144
130
112
132
94
73
67
73
58
68
56
63
47
64
73
68
90
75
96
102
107
138
126
153
168
163
172
219
212
253
249
296
319
320
396
396
389
458
483
543
528
556
639
637
645
675
755
716
800
820
865
899
907
970
973
1010
954
1017
983
1121
1069
1071
1166
1130
1143
1147
1145
1189
1159
1141
1126
1137
1119
1099
1109
1082
1035
1040
1049
976
976
970
891
845
856
802
785
697
723
726
629
666
577
613
545
473
475
436
441
379
401
360
328
272
266
238
233
219
178
186
160
158
130
133
128
98
101
102
99
112
73
96
110
96
120
109
118
124
145
134
159
162
160
202
200
200
227
247
268
278
294
353
327
369
404
412
468
504
474
502
565
594
641
680
704
707
690
786
746
821
823
893
936
837
977
1012
974
968
1007
1066
1125
1045
1092
1072
1123
1069
1096
1099
1079
1028
1076
1065
1059
1034
985
959
971
1024
957
977
900
883
861
900
831
803
828
755
742
665
636
668
620
546
527
511
483
460
446
430
372
337
352
325
298
285
278
217
240
213
192
193
187
157
146
152
143
130
129
151
136
141
123
136
144
151
146
167
175
172
199
199
221
237
242
265
276
308
310
319
365
356
395
431
408
449
505
531
518
540
627
616
660
684
686
750
765
752
779
802
854
883
869
864
952
923
954
983
1017
969
1019
1025
1068
1031
1008
1031
1083
1081
996
1003
993
1024
968
996
952
939
927
943
949
869
922
884
852
859
774
750
749
688
678
647
641
621
616
586
518
531
515
462
413
414
397
394
364
313
325
282
285
280
245
222
224
206
208
193
192
185
178
171
154
168
153
168
184
164
162
184
183
203
197
218
236
218
240
279
255
285
308
324
345
352
386
422
409
423
446
511
489
526
532
554
580
626
670
705
719
748
731
745
767
801
844
856
828
873
901
932
889
936
945
922
936
977
978
984
979
944
988
959
955
970
994
980
948
973
941
852
889
890
884
827
916
814
788
800
749
780
698
694
694
630
630
585
555
542
547
521
465
509
459
434
356
382
358
348
346
318
302
282
301
256
262
249
201
194
245
201
181
226
197
201
195
206
217
185
194
198
214
235
254
241
276
261
308
304
307
307
328
348
383
405
407
427
416
461
432
503
562
525
519
584
622
616
638
661
705
738
706
778
770
749
817
851
818
857
856
880
862
885
893
896
964
925
898
975
1019
975
896
978
975
917
968
932
924
901
882
921
857
814
842
842
813
786
808
718
714
664
708
685
646
649
614
579
623
536
564
487
471
529
488
413
393
421
391
350
326
342
324
304
313
259
293
288
273
256
235
247
274
236
233
234
239
216
246
227
283
239
254
259
256
271
274
304
311
296
330
347
351
370
362
420
440
475
444
449
476
519
566
584
588
619
647
623
635
683
751
726
699
747
760
723
780
802
845
854
780
847
901
888
895
881
908
918
936
891
969
943
979
901
879
875
832
898
900
844
854
864
850
852
806
788
795
759
738
721
679
701
651
704
642
632
618
644
535
545
538
522
446
421
436
461
406
371
433
355
386
327
345
339
314
291
287
291
300
268
287
282
251
265
223
262
288
261
274
257
253
269
269
291
292
305
280
330
340
349
342
405
397
377
378
433
448
507
484
520
585
520
557
610
608
621
629
609
639
646
711
677
746
711
777
759
791
808
809
790
852
838
821
858
834
889
822
895
867
840
881
852
868
905
909
922
893
860
855
836
816
803
802
752
772
748
706
726
730
729
683
692
652
653
608
607
562
628
561
561
506
531
520
473
502
438
431
423
428
374
398
348
387
327
353
281
348
324
300
262
295
255
307
303
266
281
277
292
299
295
280
282
339
309
347
352
328
342
368
361
377
416
399
428
453
457
476
467
479
499
531
547
511
587
559
590
634
610
657
684
718
678
711
700
764
726
772
757
782
785
794
812
818
797
796
795
830
842
897
843
845
852
903
831
799
833
758
801
801
849
797
794
797
744
717
757
750
703
707
673
705
614
609
634
603
650
572
598
535
533
498
509
548
495
457
450
423
372
384
381
418
372
363
357
351
362
318
306
327
310
325
302
310
318
301
308
307
275
329
328
312
337
292
325
372
357
344
375
390
377
432
414
420
454
424
494
514
482
490
501
538
523
537
588
574
608
666
616
636
672
646
750
719
723
713
712
801
740
806
756
762
757
823
820
853
903
830
788
857
850
827
801
790
817
790
822
815
787
854
780
804
769
743
792
750
702
719
664
685
686
678
641
616
574
667
576
587
522
536
564
514
504
484
499
459
457
438
414
421
377
383
397
393
387
310
377
362
353
352
352
332
351
355
322
333
348
341
352
332
344
354
355
324
379
416
394
361
416
410
396
394
409
423
513
474
475
469
515
546
544
537
552
515
610
554
617
647
619
640
686
664
711
734
635
773
728
722
737
758
814
791
739
805
804
785
781
831
858
818
820
810
738
778
824
805
737
802
792
730
806
755
749
757
746
759
741
743
685
648
705
612
621
628
658
650
546
569
568
531
538
531
499
473
479
473
440
478
477
436
445
423
391
401
378
375
375
378
376
380
356
402
325
356
373
351
349
329
350
383
382
400
372
406
387
395
390
399
454
467
433
461
454
445
442
508
521
517
475
535
527
512
551
594
621
621
604
618
641
596
706
674
670
680
699
695
740
712
737
770
744
797
744
767
731
699
754
774
866
799
800
832
747
766
754
807
752
749
754
752
743
715
714
736
702
671
711
716
659
698
673
568
653
641
615
604
607
603
551
563
526
527
530
526
466
481
466
446
402
442
447
436
418
374
440
401
374
416
370
395
327
367
359
351
383
391
342
391
387
357
369
379
386
405
403
437
409
435
444
420
448
477
455
472
476
497
512
492
505
543
556
608
581
589
635
605
612
596
649
645
657
701
702
624
720
695
784
704
681
727
709
748
721
756
768
816
802
729
789
792
762
757
718
829
732
780
739
766
767
743
724
689
709
726
689
705
678
696
676
692
649
623
611
565
583
551
594
510
553
507
509
567
522
518
510
483
467
448
464
459
458
449
452
421
401
396
417
393
398
408
404
379
395
406
401
371
384
359
381
424
392
402
418
401
394
390
405
445
429
451
442
468
454
494
479
512
524
530
521
529
555
560
568
596
627
601
633
627
671
656
663
656
670
635
679
689
662
672
720
718
696
732
740
727
739
790
719
754
715
703
694
724
751
738
758
712
699
684
695
708
696
680
693
707
646
676
674
628
615
607
610
588
579
578
536
526
515
528
528
502
467
461
444
473
411
399
381
374
369
365
354
330
314
305
309
283
273
244
253
231
233
229
223
203
172
190
172
159
152
130
137
124
134
114
113
97
84
83
86
76
85
74
58
61
63
45
43
49
33
38
39
24
23
23
31
19
26
26
24
23
17
21
16
14
18
9
5
8
8
10
5
5
3
6
5
5
2
4
2
3
2
0
2
2
4
2
0
1
3
0
3
1
0
1
1
2
1
0
0
0
1
0
0
0
0
0
0
0
1
0
0
0
0
0
0
0
0
0
0
0
0
0
0
0
0
0
0
0
0
0
0
0
0
0
0
0
0
0
0
0
0
0
0
0
0
0
0
0
0
0
0
0
0
0
0
0
0
0
0
0
0
0
0
0
0
0
0
0
0
0
0
0
0
0
0
0
0
0
0
0
0
0
0
0
0
0
0
0
0
0
0
0
0
0
0
0
0
0
0
0
0
0
0
0
0
0
0
0
0
0
0
0
0
0
0
0
0
0
0
0
0
0
0
0
0
0
0
0
0
0
0
0
0
0
0
0
0
0
0
0
0
0
0
0
0
0
0
0
0
0
0
0
0
0
0
0
0
0
0
0
0
0
0
0
0
0
0
0
0
0
0
0
0
0
0
0
0
0
0
0
0
0
0
0
0
0
0
0
0
0
0
0
0
0
0
0
0
0
0
0
0
0
0
0
0
0
0
0
0
0
0
0
0
0
0
0
0
0
0
0
0
0
0
0
0
0
0
0
0
0
0
0
0
0
0
0
0
0
0
0
0
0
0
0
0
0
0
0
0
0
0
0
0
0
0
0
0
0
0
0
0
0
0
0
0
0
0
0
0
0
0
0
0
0
0
0
0
0
0
0
0
0
0
0
0
0
0
0
0
0
0
0
0
0
0
0
0
0
0
0
0
0
0
0
0
0
0
0
0
0
0
0
0
0
0
0
0
0
0
0
0
0
0
0
0
0
0
0
0
0
0
0
0
0
0
0
0
0
0
0
0
0
0
0
0
0
0
0
0
0
0
0
0
0
0
0
0
0
0
0
0
0
0
0
0
0
0
0
0
0
0
0
0
0
0
0
0
0
0
0
0
0
0
0
0
0
0
0
0
0
0
0
0
0
0
0
0
0
0
0
0
0
0
0
0
0
0
0
0
0
0
0
0
0
0
0
0
0
0
0
0
0
0
0
0
0
0
0
0
0
0
0
0
0
0
0
0
0
0
0
0
0
0
0
0
0
0
0
0
0
0
0
0
0
0
0
0
0
0
0
0
0
0
0
0
0
0
0
0
0
0
0
0
0
0
0
0
0
0
0
0
0
0
0
0
0
0
0
0
0
0
0
0
0
0
0
0
0
0
0
0
0
0
0
0
0
0
0
0
0
0
0
0
0
0
0
0
0
0
0
0
0
0
0
0
0
0
0
0
0
0
0
0
0
0
0
0
0
0
0
0
0
0
0
0
0
0
0
0
0
0
0
0
0
0
0
0
0
0
0
0
0
0
0
0
0
0
0
0
0
0
0
0
0
0
0
0
0
0
0
0
0
0
0
0
0
0
0
0
0
0
0
0
0
0
0
0
0
0
0
0
0
0
0
0
0
0
0
0
0
0
0
0
0
0
0
0
0
0
0
0
0
0
0
0
0
0
0
0
0
0
0
0
0
0
0
0
0
0
0
0
0
0
0
0
0
0
0
0
0
0
0
0
0
0
0
0
0
0
0
0
0
0
0
0
0
0
0
0
0
0
0
0
0
0
0
0
0
0
0
0
0
0
0
0
0
0
0
0
0
0
0
0
0
0
0
0
0
0
0
0
0
0
0
0
0
0
0
0
0
0
0
0
0
0
0
0
0
0
0
0
0
0
0
0
0
0
0
0
0
0
0
0
0
0
0
0
0
0
0
0
0
0
0
0
0
0
0
0
0
0
0
0
0
0
0
0
0
0
0
0
0
0
0
0
0
0
0
0
0
0
0
0
0
0
0
0
0
0
0
0
0
0
0
0
0
0
0
0
0
0
0
0
0
0
0
0
0
0
0
0
0
0
0
0
0
0
0
0
0
0
0
0
0
0
0
0
0
0
0
0
0
0
0
0
0
0
0
0
0
0
0
0
0
0
0
0
0
0
0
0
0
0
0
0
0
0
0
0
0
0
0
0
0
0
0
0
0
0
0
0
0
0
0
0
0
0
0
0
0
0
0
0
0
0
0
0
0
0
0
0
0
0
0
0
0
0
0
0
0
0
0
0
0
0
0
0
0
0
0
0
0
0
0
0
0
0
0
0
0
0
0
0
0
0
0
0
0
0
0
0
0
0
0
0
0
0
0
0
0
0
0
0
0
0
0
0
0
0
0
0
0
0
0
0
0
0
0
0
0
0
0
0
0
0
0
0
0
0
0
0
0
0
0
0
0
0
0
0
0
0
0
0
0
0
0
0
0
0
0
0
0
0
0
0
0
0
0
0
0
0
0
0
0
0
0
0
0
0
0
0
0
0
0
0
0
0
0
0
0
0
0
0
0
0
0
0
0
0
0
0
0
0
0
0
0
0
0
0
0
0
0
0
0
0
0
0
0
0
0
0
0
0
0
0
0
0
0
0
0
0
0
0
0
0
0
0
0
0
0
0
0
0
0
0
0
0
0
0
0
0
0
0
0
0
0
0
0
0
0
0
0
0
0
0
0
0
0
0
0
0
0
0
0
0
0
0
0
0
0
0
0
0
0
0
0
0
0
0
0
0
0
0
0
0
0
0
0
0
0
0
0
0
0
0
0
0
0
0
0
0
0
0
0
0
0
0
0
0
0
0
0
0
0
0
0
0
0
0
0
0
0
0
0
0
0
0
0
0
0
0
0
0
0
0
0
0
0
0
0
0
0
0
0
0
0
0
0
0
0
0
0
0
0
0
0
0
0
0
0
0
0
0
0
0
0
0
0
0
0
0
0
0
0
0
0
0
0
0
0
0
0
0
0
0
0
0
0
0
0
0
0
0
0
0
0
0
0
0
0
0
0
0
0
0
0
0
0
0
0
0
0
0
0
0
0
0
0
0
0
0
0
0
0
0
0
0
0
0
0
0
0
0
0
0
0
0
0
0
0
0
0
0
0
0
0
0
0
0
0
0
0
0
0
0
0
0
0
0
0
0
0
0
0
0
0
0
0
0
0
0
0
0
0
0
0
0
0
0
0
0
0
0
0
0
0
0
0
0
0
0
0
0
0
0
0
0
0
0
0
0
0
0
0
0
0
0
0
0
0
0
0
0
0
0
0
0
0
0
0
0
0
0
0
0
0
0
0
0
0
0
0
0
0
0
0
0
0
0
0
0
0
0
0
0
0
0
0
0
0
0
0
0
0
0
0
0
0
0
0
0
0
0
0
0
0
0
0
0
0
0
0
0
0
0
0
0
0
0
0
0
0
0
0
0
0
0
0
0
0
0
0
0
0
0
0
0
0
0
0
0
0
0
0
0
0
0
0
0
0
0
0
0
0
0
0
0
0
0
0
0
0
0
0
0
0
0
0
0
0
0
0
0
0
0
0
0
0
0
0
0
0
0
0
0
0
0
0
0
0
0
0
0
0
0
0
0
0
0
0
0
0
0
0
0
0
0
0
0
0
0
0
0
0
0
0
0
0
0
0
0
0
0
0
0
0
0
0
0
0
0
0
0
0
0
0
0
0
0
0
0
0
0
0
0
0
0
0
0
0
0
0
0
0
0
0
0
0
0
0
0
0
0
0
0
0
0
0
0
0
0
0
0
0
0
0
0
0
0
0
0
0
0
0
0
0
0
0
0
0
0
0
0
0
0
0
0
0
0
0
0
0
0
0
0
0
0
0
0
0
0
0
0
0
0
0
0
0
0
0
0
0
0
0
0
0
0
0
0
0
0
0
0
0
0
0
0
0
0
0
0
0
0
0
0
0
0
0
0
0
0
0
0
0
0
0
0
0
0
0
0
0
0
0
0
0
0
0
0
0
0
0
0
0
0
0
0
0
0
0
0
0
0
0
0
0
0
0
0
0
0
0
0
0
0
0
0
0
0
0
0
0
0
0
0
0
0
0
0
0
0
0
0
0
0
0
0
0
0
0
0
0
0
0
0
0
0
0
0
0
0
0
0
0
0
0
0
0
0
0
0
0
0
0
0
0
0
0
0
0
0
0
0
0
0
0
0
0
0
0
0
0
0
0
0
0
0
0
0
0
0
0
0
0
0
0
0
0
0
0
0
0
0
0
