4096 372.227959 36912024
String FNV-1a
230
264
238
212
249
233
219
256
216
220
236
206
271
218
249
234
224
252
252
259
259
238
231
274
243
219
233
248
278
240
256
196
245
214
251
243
252
269
233
231
249
229
245
266
234
243
233
220
229
256
255
272
257
219
242
240
271
266
255
247
242
259
232
247
229
243
270
256
231
250
249
241
266
254
206
217
235
237
249
223
239
250
225
217
223
220
214
233
227
226
273
226
229
247
262
275
235
252
247
249
281
218
238
237
238
241
235
227
240
224
239
267
232
218
205
253
215
236
286
224
256
256
213
253
240
218
225
239
272
240
220
227
234
288
256
263
242
248
276
235
246
259
228
242
241
230
273
257
256
217
222
241
231
233
251
262
243
224
218
250
228
237
243
242
240
238
252
196
243
250
266
242
223
223
216
255
239
254
231
267
232
278
250
253
239
227
250
236
240
251
238
257
209
209
259
215
252
264
233
267
222
253
231
258
286
228
269
291
272
253
261
231
245
256
248
228
237
272
254
263
246
225
277
213
233
259
206
243
236
241
235
218
237
226
237
244
242
273
237
233
239
243
288
232
221
213
263
269
220
209
223
245
246
257
245
259
247
247
260
209
290
249
242
241
197
257
239
219
236
220
259
196
236
239
283
257
239
242
254
275
241
258
234
251
271
260
245
240
245
270
253
278
210
267
259
271
241
205
223
248
208
247
235
246
264
233
229
255
274
224
228
226
252
254
229
216
266
228
230
259
222
262
250
241
211
221
264
278
263
245
266
232
232
260
221
237
260
257
243
229
223
245
254
233
238
248
266
254
219
237
228
254
263
242
225
257
264
249
249
239
218
240
246
237
251
225
288
300
238
219
211
228
215
230
229
227
241
261
230
243
270
236
246
250
257
220
240
219
275
288
232
256
238
259
260
200
216
220
244
240
236
237
221
218
245
253
241
244
232
244
247
251
260
242
226
238
269
238
238
209
202
237
312
258
235
236
286
260
234
253
270
242
255
219
252
223
245
280
249
220
228
210
255
259
230
257
241
253
246
213
273
236
229
252
245
234
253
242
260
253
285
243
250
274
268
275
234
231
246
279
287
237
240
258
234
275
254
220
262
226
270
248
229
229
234
224
259
212
257
212
248
227
245
259
222
236
260
257
293
266
227
241
261
292
209
197
259
215
225
234
208
266
256
255
251
215
229
237
239
255
240
256
217
208
243
217
239
233
236
204
248
265
234
205
251
259
265
244
222
254
225
259
235
221
269
245
264
250
243
234
235
279
250
226
239
236
242
229
251
253
258
228
233
204
261
242
207
229
250
283
249
210
243
251
237
224
263
221
259
213
229
270
265
243
248
259
241
245
233
240
235
233
225
268
239
263
219
244
242
254
249
245
270
234
233
240
261
280
211
226
230
258
273
216
232
246
253
259
210
285
245
240
240
243
205
226
227
247
243
228
262
221
255
252
205
253
243
250
245
252
276
225
219
247
280
271
233
209
239
279
282
224
258
269
239
253
253
244
215
235
257
244
229
265
237
261
242
249
278
241
236
233
262
245
241
255
243
248
232
224
236
254
252
250
242
243
230
234
252
240
223
256
234
257
225
231
265
220
250
250
222
284
239
248
239
266
243
259
260
269
227
281
220
249
228
276
251
230
234
239
270
272
252
238
216
256
291
252
235
244
260
245
245
245
214
256
263
242
201
271
257
222
247
215
238
257
232
241
247
251
243
220
250
274
271
226
222
226
262
266
235
242
253
280
200
221
233
274
248
264
264
222
245
250
262
258
230
245
235
216
287
233
230
221
243
242
284
273
256
216
229
263
244
254
254
286
256
256
266
225
253
237
258
251
223
234
228
238
258
227
232
256
233
261
237
265
228
251
234
251
264
241
214
228
238
264
281
221
264
274
254
250
262
265
269
255
235
223
251
217
267
238
253
222
218
251
277
270
225
253
257
239
241
251
255
217
264
220
281
234
218
248
249
233
235
233
216
282
269
250
253
259
248
242
224
238
261
259
259
261
233
210
224
232
254
215
278
236
255
256
227
238
232
234
223
219
261
237
205
227
243
276
271
252
258
250
256
232
236
245
257
272
242
223
244
264
248
235
215
236
231
239
234
246
234
233
246
239
278
241
255
230
236
244
287
231
221
239
240
281
249
209
249
233
264
264
243
262
243
290
207
211
233
231
252
255
245
268
208
240
234
221
225
234
222
235
241
242
226
247
240
257
265
241
234
245
273
270
251
223
241
266
263
250
246
255
232
255
252
249
241
244
250
253
210
278
216
253
252
219
212
234
257
266
245
250
267
218
272
244
268
256
249
264
284
271
235
208
242
236
239
242
240
256
222
267
229
219
229
241
230
251
225
233
242
207
260
204
263
256
246
242
237
260
248
223
250
267
262
246
231
271
255
262
229
233
275
238
269
234
251
257
212
250
252
243
237
245
242
267
235
236
240
233
231
255
271
233
226
222
276
276
231
244
236
288
259
241
251
254
294
275
240
216
279
211
243
268
240
231
255
269
238
205
250
230
215
262
225
261
219
254
234
228
247
237
240
239
242
240
200
241
253
285
249
250
231
257
235
272
232
226
263
237
254
236
235
206
206
233
235
239
237
249
250
261
231
241
263
223
190
230
261
265
224
218
259
270
228
260
233
248
253
228
273
244
238
253
284
245
254
266
259
232
240
253
227
251
260
202
264
251
244
255
275
261
228
246
204
265
279
237
258
233
280
245
242
225
230
276
236
236
230
266
245
255
240
199
230
232
247
247
213
243
254
232
243
206
231
269
244
236
234
255
240
235
250
268
269
255
221
269
247
224
274
253
238
259
287
241
202
235
226
263
261
223
243
221
239
246
214
282
227
232
254
203
243
221
224
249
251
280
259
240
248
230
257
240
248
231
250
263
215
216
241
241
225
256
240
265
226
247
251
226
264
232
271
251
246
284
249
229
243
242
216
222
231
243
268
281
227
187
252
268
276
254
227
234
255
227
255
252
292
261
267
250
219
271
248
271
258
222
214
232
240
257
270
230
231
215
257
261
223
244
202
237
273
278
255
234
262
270
234
236
223
258
276
240
222
242
226
240
261
257
232
261
233
245
235
238
233
224
244
251
201
239
217
261
217
239
241
250
216
257
286
247
246
238
233
259
272
235
246
262
233
251
254
234
270
252
247
247
239
220
211
258
247
220
242
227
271
225
233
267
240
251
248
230
252
253
233
208
272
259
235
235
229
271
264
248
227
249
230
293
245
234
227
236
252
255
246
269
244
259
245
230
242
212
234
263
216
269
249
211
245
249
273
244
231
237
280
251
270
270
241
240
270
235
225
267
246
279
239
247
257
227
259
251
262
232
239
239
260
222
232
260
260
271
217
248
229
247
231
251
277
277
214
224
244
291
246
238
261
265
289
221
225
267
221
252
249
218
239
235
225
246
206
234
227
253
268
224
239
246
235
247
240
250
236
238
219
262
280
244
258
254
274
259
229
219
255
212
236
242
210
271
236
247
260
233
274
250
238
250
223
270
235
233
240
211
235
297
243
217
239
256
232
206
235
240
284
237
240
235
252
251
230
254
266
254
266
226
249
249
236
242
280
235
224
236
220
265
237
260
279
206
253
256
251
253
223
235
295
270
230
228
266
272
230
247
234
261
278
250
236
218
271
252
236
251
223
234
233
283
242
233
244
220
242
245
257
236
211
230
260
230
261
246
214
219
222
263
224
208
213
261
265
230
221
233
241
262
239
214
257
266
312
246
226
249
193
244
217
254
286
242
232
259
241
240
244
215
213
238
254
234
232
233
267
253
233
237
235
259
269
234
232
222
250
273
222
247
242
247
305
216
222
274
211
251
226
281
216
220
224
218
244
251
263
223
241
222
230
250
232
222
244
254
241
218
255
296
254
218
220
292
255
256
208
237
216
202
222
238
226
258
242
248
261
273
211
244
235
241
196
270
223
224
248
253
273
239
220
227
313
244
279
244
253
247
273
226
251
288
240
282
266
255
254
233
228
282
215
242
231
232
285
241
234
215
247
249
244
243
248
261
247
245
240
225
256
259
280
270
208
219
218
218
246
240
223
252
227
276
249
216
256
226
241
285
245
272
226
237
276
206
243
257
213
218
247
254
248
252
235
255
272
224
256
238
254
234
237
231
267
263
283
278
223
293
216
242
261
246
248
271
235
263
235
231
233
233
238
243
252
273
200
223
246
315
227
241
256
256
251
265
233
257
241
248
236
238
241
228
266
238
215
233
240
286
256
238
255
235
254
222
212
257
235
238
233
258
253
256
240
247
265
276
233
219
224
233
259
239
220
292
238
243
222
228
290
221
266
240
217
226
241
236
217
255
295
232
234
270
216
195
224
257
209
256
268
234
237
192
258
274
254
271
249
250
248
211
213
245
258
249
248
228
232
233
271
249
221
286
213
255
274
232
254
244
255
233
255
228
247
221
239
222
292
219
224
228
240
283
256
239
242
259
232
260
210
267
223
259
214
224
255
236
231
251
205
237
238
239
249
222
275
245
253
233
200
263
205
270
233
278
259
252
220
268
275
277
246
235
207
259
245
232
228
288
240
274
258
191
240
218
256
257
229
215
238
243
234
231
262
222
229
226
279
256
260
229
220
267
286
228
251
233
277
248
246
229
247
215
254
254
267
251
233
219
260
207
243
240
254
248
220
259
224
252
245
241
251
275
236
255
256
287
244
230
224
253
264
209
250
236
286
220
253
241
260
236
244
253
240
249
255
264
235
225
243
247
230
234
254
236
253
218
247
211
263
256
231
251
255
259
219
264
232
215
235
238
252
249
248
236
219
218
276
249
246
278
243
271
273
242
265
242
247
243
229
237
222
234
226
232
236
242
238
223
240
227
258
294
226
213
256
254
243
226
228
250
252
287
238
271
263
255
273
238
223
244
211
247
232
232
250
246
268
263
222
223
247
199
220
252
268
245
230
212
248
264
234
263
226
259
277
227
251
237
230
276
231
240
235
264
272
227
222
261
230
239
228
231
231
250
253
242
250
241
262
242
228
217
284
244
234
219
271
254
260
223
230
266
257
221
213
252
218
232
236
231
240
220
253
260
228
237
236
230
258
237
248
220
235
258
250
239
251
251
247
277
265
257
227
240
279
261
225
234
210
272
269
221
264
251
232
269
233
222
239
242
254
234
206
285
263
257
223
239
258
210
230
260
260
248
249
222
253
258
263
242
258
246
248
250
235
215
224
198
264
246
243
266
250
244
230
212
255
246
229
246
254
237
213
217
259
223
215
239
249
239
254
293
257
221
219
302
273
237
249
237
248
243
243
253
246
251
237
239
247
238
217
248
223
201
210
253
253
281
211
239
239
264
244
234
241
255
234
227
251
254
249
214
256
265
236
264
225
237
277
244
226
254
259
242
258
246
260
252
230
296
241
209
266
219
207
261
211
276
240
232
222
239
250
251
245
234
257
240
235
202
243
257
240
278
244
241
220
273
239
264
243
229
227
239
235
220
218
227
232
226
226
228
233
242
231
254
248
247
243
240
264
252
227
229
248
257
247
231
246
263
247
218
222
251
267
286
255
223
261
240
275
230
223
257
239
258
254
225
257
216
227
215
254
227
263
237
254
257
262
215
243
228
267
256
244
268
250
272
265
262
256
251
251
261
253
206
256
222
240
288
226
254
206
239
232
232
258
252
223
251
273
255
222
236
242
250
266
249
247
279
248
258
247
257
253
253
285
250
250
279
246
276
254
253
272
248
235
269
216
270
236
225
228
239
242
206
273
258
247
243
258
237
206
267
253
224
245
257
289
259
226
222
219
240
241
239
246
297
220
262
277
241
208
244
248
281
219
222
247
257
260
212
253
255
259
235
273
275
241
243
229
262
280
217
222
252
241
287
233
223
257
227
254
237
213
270
227
277
271
250
222
282
189
239
224
247
234
250
232
250
292
226
207
229
277
262
253
241
226
270
252
230
229
255
293
267
249
241
246
275
260
252
234
277
256
257
241
241
248
253
239
270
252
259
235
251
246
253
253
252
240
250
264
283
218
209
247
254
250
242
246
244
257
233
236
252
259
244
282
240
236
219
247
236
226
228
268
245
256
265
235
249
242
237
231
218
238
243
225
233
270
310
232
245
236
261
275
217
228
251
272
248
233
254
253
247
246
262
216
257
237
252
245
244
285
249
203
249
259
229
238
234
232
235
277
221
243
260
255
247
213
216
238
286
266
257
225
269
230
279
248
211
237
216
278
249
239
235
227
226
272
261
247
241
249
278
223
250
252
244
214
264
261
240
231
240
267
264
265
235
255
259
251
243
228
280
241
254
234
241
236
246
254
257
224
246
255
236
234
216
235
218
192
244
256
242
229
202
235
246
264
246
256
248
273
282
215
239
247
227
230
223
237
246
255
242
236
208
242
226
249
218
210
247
245
247
276
214
259
228
226
241
258
286
229
238
254
248
229
243
230
267
243
244
237
217
260
242
255
253
224
255
241
262
234
212
230
258
239
240
256
234
236
240
275
259
247
250
205
232
285
267
261
235
287
249
246
241
230
248
289
233
218
237
255
244
248
257
237
240
242
261
231
227
251
215
263
243
239
263
245
264
216
238
275
245
218
203
266
265
248
229
216
273
283
234
258
262
245
257
228
261
263
251
262
295
265
219
241
247
242
230
248
236
242
257
224
258
214
255
221
244
254
268
242
251
251
296
211
265
236
260
274
230
235
230
238
300
260
218
258
257
283
235
206
248
221
249
244
242
267
215
234
249
253
273
251
221
257
239
240
232
254
244
267
283
249
221
235
226
268
227
253
276
251
257
210
251
238
235
222
256
269
269
225
253
240
241
234
262
211
267
246
226
215
206
217
274
257
259
238
249
250
263
260
239
238
272
225
214
231
291
221
251
259
213
236
236
218
230
214
243
221
246
258
225
237
208
229
256
255
265
243
224
240
279
278
221
240
239
244
302
269
193
255
211
222
224
238
276
244
255
277
217
241
236
235
242
225
239
216
232
228
234
266
242
247
248
238
273
249
220
226
268
240
229
227
258
250
241
266
240
271
260
226
256
254
263
246
260
280
225
246
253
235
265
270
237
262
239
245
227
273
235
229
244
238
276
254
251
234
266
217
256
239
267
249
229
214
239
249
279
250
270
234
252
214
266
233
258
250
249
247
209
216
266
254
236
254
229
276
238
262
239
250
279
269
216
230
237
268
214
242
223
233
260
223
243
258
224
271
236
218
212
213
250
246
241
226
241
255
256
230
231
245
270
211
234
262
242
258
225
270
267
256
238
263
264
268
222
256
282
278
262
233
223
232
240
239
264
256
261
241
238
221
209
211
224
235
260
254
246
240
244
228
251
244
237
222
201
271
259
232
209
249
271
258
240
221
257
257
272
232
231
254
218
283
224
235
243
265
236
244
245
268
246
251
220
222
235
230
216
226
274
283
207
208
253
278
296
241
240
244
248
243
252
226
264
260
253
256
231
256
225
257
256
236
265
239
239
257
227
218
224
231
240
248
229
250
242
270
253
290
224
251
251
267
266
280
231
242
239
244
224
217
293
227
232
250
245
252
218
248
245
217
268
224
228
241
226
269
238
283
234
236
273
227
234
259
270
256
235
264
226
244
244
264
231
250
281
237
256
233
249
229
280
257
222
235
247
234
208
221
250
241
231
248
233
265
235
239
201
288
251
237
215
269
297
220
243
250
253
239
237
222
211
256
268
243
277
215
239
237
232
221
235
221
234
241
246
222
223
272
216
254
258
288
272
226
237
230
266
230
235
235
263
285
257
229
237
229
253
202
239
271
258
257
260
219
233
222
227
224
248
273
237
248
240
245
245
238
229
231
217
276
236
259
237
276
256
221
236
260
254
259
218
219
266
239
246
250
234
222
217
248
267
222
264
236
245
249
244
254
201
240
254
250
230
254
247
242
216
287
226
239
275
257
239
256
231
263
261
254
246
232
253
233
251
225
229
278
228
248
241
247
266
244
246
264
243
275
231
233
274
228
235
247
250
226
276
267
216
214
249
281
243
235
236
289
264
250
225
246
262
244
239
233
219
245
246
268
281
229
263
267
249
247
215
263
246
230
242
256
248
220
222
261
246
299
244
284
261
259
274
233
222
241
224
278
244
234
250
248
248
244
223
231
234
248
254
212
241
237
256
235
228
221
265
224
243
245
250
237
234
227
251
252
236
245
258
263
257
215
255
256
256
273
235
245
248
226
265
253
236
257
259
229
249
234
246
252
242
255
221
255
207
204
237
242
276
245
202
244
276
221
250
240
254
258
238
229
264
236
256
278
258
250
246
244
269
258
241
234
244
235
217
211
266
254
265
252
228
257
220
253
239
251
273
234
214
263
247
236
234
214
255
240
264
232
250
266
271
256
236
229
236
195
218
258
238
219
228
236
263
225
229
264
243
212
224
289
252
214
253
263
266
219
257
261
235
289
229
263
254
264
250
253
274
205
239
259
238
241
234
216
222
259
242
251
249
234
266
228
265
259
257
209
233
265
248
211
246
267
262
226
231
250
269
275
254
227
253
215
260
228
224
240
213
270
241
226
247
252
238
243
202
207
242
224
255
197
232
231
242
243
244
277
215
233
239
267
238
239
241
260
264
268
245
241
245
244
255
260
250
224
240
238
251
222
267
233
229
246
212
259
246
255
218
241
255
253
221
221
295
280
241
233
244
270
265
242
230
257
217
255
246
235
263
228
250
255
218
223
202
250
235
210
225
227
219
284
244
231
245
225
256
247
279
232
218
269
230
224
215
217
272
247
254
244
234
252
270
261
268
222
279
230
299
243
231
221
243
221
251
253
230
232
216
264
212
276
262
210
242
252
258
245
225
262
259
264
256
270
236
271
241
208
255
222
258
238
241
264
259
230
266
249
235
235
246
244
243
214
258
235
243
225
261
231
245
236
224
279
277
247
226
238
268
255
239
216
253
224
241
262
243
289
250
255
252
217
220
251
229
260
247
226
224
244
222
238
242
249
261
218
262
250
237
241
212
256
260
205
261
270
275
272
232
221
272
252
275
235
234
248
281
252
238
223
266
249
235
244
246
255
223
258
231
254
247
206
249
248
224
249
218
237
261
256
268
268
220
255
248
247
254
241
236
242
229
245
228
251
202
242
234
244
250
230
239
235
248
227
259
254
222
247
235
237
252
246
270
301
245
246
275
256
270
235
245
232
251
261
226
238
268
249
276
230
215
221
243
259
243
241
285
225
245
240
239
236
241
223
252
278
263
269
226
237
265
309
226
238
243
258
270
250
217
237
223
228
234
220
300
