4096 248.989677 37191040
String crc32
255
258
243
238
255
250
238
221
263
284
279
264
241
222
242
240
238
238
231
246
248
260
237
251
215
243
249
236
229
259
254
245
253
268
267
215
244
259
234
264
252
235
274
238
224
244
235
239
256
223
243
247
255
255
243
264
226
240
232
251
259
229
253
237
233
260
240
228
264
236
232
228
241
230
237
249
250
251
271
237
236
233
301
233
226
242
266
244
285
232
230
237
228
219
242
251
206
245
246
252
255
245
249
249
275
228
238
247
232
243
280
263
246
253
234
235
250
225
245
255
218
207
268
236
255
263
259
243
236
252
258
253
227
259
268
248
235
250
244
236
237
255
266
250
241
245
242
230
234
263
234
241
250
246
242
220
242
234
224
265
241
224
250
267
229
249
273
238
257
250
247
220
250
231
237
231
232
248
267
246
249
214
243
260
248
245
229
248
245
240
245
258
257
243
222
253
260
265
231
251
220
251
269
249
224
250
246
229
260
258
233
231
223
262
224
242
244
260
261
259
260
256
258
241
228
250
233
232
234
261
238
217
233
214
225
245
243
234
250
245
262
248
235
231
258
257
253
269
244
210
271
249
238
223
223
241
211
223
245
258
253
242
256
243
239
254
261
226
229
249
228
233
245
230
249
217
226
243
240
272
259
246
247
226
223
269
249
245
234
235
247
237
245
249
252
218
266
208
231
241
258
241
271
233
246
237
233
227
262
214
261
218
265
218
263
236
249
232
234
243
224
226
231
247
236
234
254
257
247
273
232
220
265
252
233
270
232
251
257
241
264
242
237
230
239
243
254
227
264
238
236
232
232
265
270
240
235
220
238
244
218
222
254
242
234
259
229
252
242
237
265
258
268
268
247
253
232
263
245
242
238
246
264
223
260
246
247
252
249
235
273
244
232
249
244
246
242
257
257
228
260
247
261
241
252
247
234
215
258
225
245
221
245
232
269
266
247
226
242
248
251
235
234
238
257
236
267
260
218
232
254
202
262
237
241
255
236
234
237
271
247
224
257
228
247
228
223
247
247
232
269
222
255
203
283
252
231
241
248
226
229
225
226
267
269
257
266
261
227
247
224
249
259
233
239
274
242
279
254
269
228
242
260
226
274
237
251
264
228
241
217
235
233
238
254
248
245
226
235
250
239
249
264
260
210
266
238
256
235
265
223
235
250
239
233
242
260
262
234
248
265
228
246
232
268
237
219
232
261
242
240
253
223
254
236
245
244
230
246
263
258
244
266
260
238
247
228
218
230
258
248
217
242
224
253
226
241
242
249
237
213
265
242
227
238
251
240
233
253
238
249
242
234
184
260
240
289
261
239
221
256
252
224
260
250
243
256
247
259
243
262
263
220
238
242
233
254
257
230
245
251
257
241
244
240
247
244
290
251
242
232
251
245
253
255
239
270
257
248
252
228
237
261
260
230
278
251
238
230
253
231
262
260
269
234
233
252
234
232
234
242
215
250
241
262
234
267
260
239
258
231
255
260
241
266
233
250
258
253
261
267
243
244
235
277
241
231
232
231
266
277
235
224
233
272
271
264
253
255
229
244
244
235
221
240
225
241
252
225
252
217
230
252
237
254
228
254
229
215
213
237
241
208
248
267
248
224
247
234
278
200
259
229
250
240
225
254
227
272
247
239
225
254
259
250
221
237
232
236
262
229
212
249
245
247
236
246
240
249
240
234
243
252
259
239
225
241
258
253
273
219
245
243
244
231
232
241
244
239
238
253
243
246
242
246
258
258
260
240
243
268
235
239
266
239
257
275
251
257
227
243
244
263
241
219
256
233
244
229
242
252
207
255
252
234
237
261
248
240
253
248
263
230
258
244
244
239
235
255
246
245
250
247
213
247
280
227
220
274
257
235
275
237
239
251
284
250
232
234
255
256
224
230
261
226
249
262
239
212
260
243
227
244
260
263
270
269
252
228
240
267
234
234
244
263
249
220
232
264
249
261
243
235
226
218
238
245
229
240
247
249
260
254
244
252
238
268
245
256
240
241
239
240
256
227
252
253
269
260
221
269
228
242
278
238
242
244
235
254
232
272
244
253
221
266
233
251
249
230
246
255
253
244
233
226
254
232
226
242
254
247
242
244
263
234
261
249
275
247
288
232
227
266
255
218
241
225
245
250
257
249
252
247
224
261
278
235
227
247
282
235
257
228
260
262
235
240
246
261
212
230
252
239
243
251
260
273
218
249
206
239
239
232
227
204
224
229
229
267
249
227
250
248
231
240
235
222
240
218
244
278
267
248
257
219
271
235
230
259
229
262
222
263
251
254
238
231
219
250
250
239
229
235
245
260
227
253
257
247
235
232
240
229
248
280
258
235
235
235
222
242
233
262
248
262
240
257
279
236
259
254
239
272
225
241
243
226
250
240
242
222
234
229
236
249
233
256
245
246
259
246
243
226
227
267
246
229
242
227
246
235
271
257
228
245
272
261
241
227
243
233
259
232
237
262
260
243
242
232
223
262
268
294
267
245
230
227
248
249
218
220
275
259
257
244
221
257
260
239
256
241
264
238
237
230
243
251
233
232
235
251
259
273
256
249
266
262
252
220
238
229
228
223
237
235
259
237
224
238
215
218
233
232
271
246
262
238
259
257
254
226
242
254
255
254
237
225
238
229
245
273
231
245
243
218
228
250
243
246
217
295
238
262
224
239
242
249
226
228
265
252
246
268
244
243
235
237
264
224
252
259
250
219
234
240
240
240
224
239
231
238
252
237
266
260
242
250
241
245
249
257
215
243
226
254
272
220
220
249
243
257
270
225
252
246
257
220
250
247
235
249
211
242
282
255
236
245
236
238
264
223
268
232
255
252
252
270
217
275
239
244
259
225
224
256
268
271
227
223
238
222
286
252
241
224
233
249
244
234
281
258
271
251
259
243
242
255
232
237
233
243
225
226
235
248
290
251
263
247
239
244
244
266
220
229
240
224
245
246
242
294
265
247
251
221
213
225
254
256
239
241
257
242
248
256
232
254
222
258
222
251
249
226
242
229
242
262
254
235
246
252
241
226
269
255
246
225
237
228
260
269
269
240
256
272
254
212
224
253
234
254
243
248
244
247
255
219
229
239
242
244
208
244
224
234
238
251
234
249
233
244
232
251
235
262
257
247
236
233
259
253
268
237
241
250
246
228
252
275
256
225
233
233
228
255
249
279
263
224
243
232
239
234
242
220
260
248
251
240
266
246
259
258
262
251
267
213
263
241
235
243
247
210
230
262
231
234
248
226
274
236
236
218
244
230
256
255
253
224
228
201
239
243
252
254
253
225
283
244
239
232
250
246
224
258
250
243
242
241
252
250
237
239
239
253
238
255
250
267
252
220
250
236
235
228
224
220
229
258
241
235
257
274
251
238
257
216
263
215
253
231
218
229
238
253
245
258
239
254
238
242
260
244
262
224
252
269
261
254
230
235
235
229
230
256
252
232
250
243
254
234
231
227
238
246
254
239
252
294
211
246
236
254
237
241
243
257
229
224
247
269
240
234
235
234
245
248
242
217
239
257
232
248
207
244
253
243
198
262
230
234
235
261
232
236
263
244
245
245
261
221
219
249
252
244
228
247
264
263
251
255
228
271
235
235
240
243
237
228
243
220
249
259
249
224
265
239
240
259
249
279
257
258
219
218
223
245
260
244
270
247
238
245
238
219
244
225
254
229
249
249
235
262
242
251
280
262
239
233
238
233
234
261
253
256
221
272
239
227
239
243
211
236
259
263
250
233
239
222
258
223
251
221
257
237
239
264
263
241
244
237
249
227
264
243
236
258
223
222
254
219
262
252
231
247
239
245
242
279
246
240
236
227
253
274
247
262
247
258
234
259
232
235
243
224
225
214
222
222
274
267
257
239
243
254
259
245
235
275
232
229
240
241
224
238
225
244
260
237
244
236
253
256
237
263
230
235
250
242
241
262
242
222
259
256
260
217
251
255
253
234
246
292
209
250
263
242
236
248
236
253
258
244
269
227
269
220
233
241
252
242
220
265
257
261
247
229
269
245
266
251
234
269
250
258
261
242
224
286
233
238
248
268
260
263
245
270
263
261
244
231
212
240
290
260
222
227
263
224
241
225
242
234
256
228
268
241
271
287
243
254
269
251
248
242
241
260
246
240
256
238
243
239
227
261
247
239
245
264
247
231
269
217
226
245
226
262
238
229
242
245
247
238
239
226
253
244
253
229
252
241
248
260
247
237
238
239
247
223
262
277
234
264
226
243
241
223
239
212
231
253
252
252
263
247
265
240
210
246
231
263
228
239
246
210
227
235
245
212
251
240
208
272
227
236
225
253
247
238
277
234
233
234
255
244
237
242
259
234
223
257
240
236
252
247
238
247
249
248
250
252
254
258
266
268
234
260
264
237
238
243
267
219
245
221
272
253
258
255
245
246
250
233
255
223
249
281
275
246
248
258
264
263
242
235
238
269
281
256
252
226
263
248
250
247
275
237
231
227
242
251
265
246
250
237
241
251
247
264
261
280
239
267
223
237
263
251
266
253
264
243
273
232
267
251
238
226
250
236
260
207
229
262
263
259
266
240
268
256
252
258
237
257
239
229
260
249
224
268
224
266
259
248
254
266
244
223
245
248
264
270
226
259
252
230
241
263
238
226
251
275
264
244
240
248
252
249
235
261
256
274
249
246
236
250
261
274
250
270
245
242
246
262
232
217
249
247
240
247
239
234
244
258
243
256
251
258
224
227
231
241
259
259
238
231
255
243
254
254
282
262
252
248
247
269
248
219
227
251
222
230
247
230
266
257
232
227
254
268
262
246
258
255
236
255
263
254
253
229
223
240
260
250
252
254
256
253
235
242
257
249
277
243
252
242
253
244
253
237
242
226
263
272
268
224
226
249
244
233
244
264
230
222
221
240
236
236
242
254
240
257
232
232
282
236
245
219
254
245
226
269
238
244
233
254
270
247
254
216
245
265
279
255
248
220
223
233
232
253
269
269
236
260
261
245
241
255
231
225
265
260
260
248
246
234
245
250
247
235
252
250
257
213
216
259
290
264
248
241
235
254
268
282
241
221
239
237
223
246
236
269
245
262
219
217
258
205
248
218
243
233
249
249
259
213
247
209
238
234
242
246
242
241
232
233
231
244
243
230
251
239
241
269
251
236
230
244
252
270
246
228
244
258
226
214
279
240
243
261
249
216
274
233
251
263
233
265
260
242
234
252
219
246
261
278
246
266
250
258
262
232
243
243
242
237
244
263
237
236
225
229
225
242
244
239
247
245
239
261
225
242
277
248
231
225
233
246
250
235
249
257
271
271
230
241
260
225
237
227
248
218
236
238
241
236
252
246
255
252
227
238
256
220
273
233
240
226
248
257
228
229
255
248
238
256
275
244
251
239
272
257
253
243
242
237
236
262
225
246
204
241
250
246
237
237
262
261
230
249
232
219
260
266
217
280
242
247
276
247
249
245
256
223
224
247
228
280
242
226
235
238
257
274
236
230
237
248
254
244
254
250
259
266
229
246
270
236
219
222
246
242
221
233
243
257
249
251
230
227
248
224
211
230
237
215
260
239
255
246
225
227
219
241
222
268
258
243
245
231
273
269
234
256
237
239
229
240
242
249
246
245
251
252
252
231
238
238
253
233
257
242
275
259
241
254
234
222
246
251
253
241
254
253
266
243
270
243
227
242
236
218
243
213
259
214
252
244
254
222
277
225
251
240
257
223
239
219
223
243
237
246
267
262
253
232
235
238
231
237
221
248
252
224
207
235
233
236
257
243
246
244
270
233
232
275
260
228
245
244
222
257
255
252
236
259
248
239
222
248
243
251
253
252
241
257
268
260
233
270
251
238
232
236
229
243
257
212
242
217
231
262
241
261
242
237
233
235
247
246
226
224
253
242
238
230
281
267
238
270
247
269
219
240
247
266
247
239
260
260
245
232
246
281
243
241
269
256
272
251
245
216
243
251
242
256
237
228
245
276
277
218
234
239
229
245
230
241
282
246
236
213
270
227
258
247
257
231
250
252
228
252
214
234
261
221
245
237
232
250
254
243
260
247
248
267
251
245
268
246
231
209
236
251
244
245
226
262
268
241
234
254
233
199
247
252
224
249
238
259
288
240
231
229
235
251
267
250
256
234
242
274
253
257
284
248
246
237
261
233
264
207
248
241
262
247
237
255
267
217
250
233
236
245
226
223
239
231
246
270
214
268
221
273
259
253
248
263
195
254
228
244
265
271
251
256
222
238
237
283
219
249
245
248
250
235
235
246
202
231
257
257
228
246
231
229
220
232
246
236
255
253
245
282
225
246
238
241
272
276
246
224
242
243
250
242
240
228
222
225
239
240
219
261
258
232
225
236
211
260
252
247
217
222
251
237
221
260
223
216
234
242
242
198
265
284
233
227
224
239
239
241
256
273
227
197
253
242
250
231
243
240
225
234
285
259
220
243
280
253
233
217
197
224
228
251
223
264
212
258
228
240
250
269
240
247
267
262
234
252
250
234
249
239
240
243
229
218
242
224
260
245
236
252
227
263
251
226
216
251
242
254
254
244
232
265
235
243
241
235
234
251
240
242
240
223
268
240
217
229
238
244
275
245
255
235
216
259
257
251
249
215
281
249
239
249
264
244
225
260
246
234
260
213
221
242
247
239
235
289
240
238
238
225
234
265
240
251
221
229
249
246
255
233
241
238
247
238
240
211
241
259
238
220
245
254
216
238
246
234
248
209
238
247
235
233
239
237
249
242
238
236
256
264
235
250
239
254
244
243
241
278
222
262
265
277
252
244
238
225
245
239
228
256
246
233
241
244
234
248
252
253
230
226
236
238
255
250
249
262
249
221
229
251
233
257
246
282
209
254
257
227
237
262
236
230
256
257
253
258
267
237
233
238
254
229
227
282
246
256
230
226
247
258
253
259
242
240
254
245
263
257
239
244
254
233
261
231
231
263
222
239
234
268
243
229
237
239
230
238
235
231
226
261
238
228
256
223
239
224
231
228
228
239
213
273
267
246
247
262
215
251
226
249
249
238
216
227
217
247
256
243
251
242
259
255
245
255
238
214
239
207
237
255
242
210
252
267
252
232
265
256
254
237
239
262
258
242
264
219
251
254
249
235
222
247
233
261
243
221
241
251
256
226
251
258
255
244
210
245
268
239
249
224
256
262
247
248
248
228
248
235
261
224
248
245
210
255
234
232
233
237
245
245
239
219
225
240
234
215
234
240
251
222
250
247
277
278
220
249
253
234
252
259
240
238
232
250
234
246
239
243
244
231
233
240
266
247
235
243
243
229
254
258
212
219
232
266
257
268
240
236
234
249
284
215
226
236
257
222
242
249
264
239
239
254
253
252
255
250
236
228
228
246
264
225
265
266
263
241
225
206
230
241
230
254
271
245
258
220
224
232
244
227
248
218
236
218
268
241
234
235
228
225
231
231
239
244
229
260
239
259
262
261
250
248
231
264
267
256
229
227
252
226
248
231
232
266
220
230
236
255
230
244
213
247
251
248
259
232
254
238
281
254
239
240
253
257
246
220
234
264
265
256
246
237
272
238
252
233
205
261
214
262
241
227
222
276
223
239
259
260
247
247
200
249
219
257
224
242
246
236
214
229
248
271
268
248
257
242
222
210
265
212
235
219
228
239
251
230
243
233
253
222
244
236
271
256
234
244
249
235
226
251
258
226
243
224
226
216
230
259
254
247
227
265
247
252
233
259
269
249
235
260
237
265
226
253
207
257
219
234
235
244
232
262
249
259
268
221
228
250
239
255
242
249
247
225
239
266
268
245
230
244
238
209
247
246
225
254
242
235
227
229
244
232
237
249
223
269
268
256
232
259
240
248
236
248
261
248
237
267
225
248
245
241
236
259
233
238
253
235
230
254
237
255
255
232
248
216
254
246
249
231
257
245
274
220
230
232
250
216
262
281
242
245
221
247
263
266
238
276
233
249
235
245
247
231
272
245
230
273
262
241
229
244
247
248
226
259
250
243
208
245
267
230
257
224
242
237
262
252
271
230
217
243
256
252
262
236
246
253
262
273
227
241
247
277
219
242
224
212
231
222
224
252
247
255
267
242
250
244
246
225
254
227
227
243
249
221
225
259
266
240
243
248
262
236
247
226
270
214
289
231
258
253
213
215
240
249
258
243
232
261
276
244
246
253
233
258
251
225
257
236
232
219
244
228
219
229
239
257
231
224
244
259
222
246
274
254
226
247
254
235
217
230
205
248
231
242
237
266
266
232
225
221
205
252
260
243
273
264
216
260
268
215
231
259
228
269
227
236
253
236
237
233
226
249
240
246
254
245
238
252
250
234
269
215
220
252
275
243
269
238
261
270
200
255
275
219
228
246
255
207
249
265
248
269
272
246
242
230
250
294
222
241
258
269
259
251
237
238
272
253
212
249
267
248
227
235
213
207
252
274
229
256
231
269
236
240
244
259
246
240
267
238
261
244
239
250
257
256
257
251
259
256
241
212
225
246
254
266
220
254
245
210
255
274
248
208
235
226
232
255
237
250
227
257
258
230
251
236
237
259
229
220
237
230
243
269
254
276
252
244
241
245
244
252
263
239
221
241
263
232
227
240
244
244
247
226
251
229
280
237
203
262
235
250
254
249
226
262
257
243
203
234
259
245
226
259
215
251
245
218
247
246
257
259
236
256
231
230
256
254
219
260
256
251
213
234
254
237
208
269
273
242
253
275
266
251
255
257
233
241
207
249
269
254
248
255
227
235
253
227
241
255
220
255
233
230
239
214
278
255
242
253
226
260
263
239
253
264
261
256
249
234
271
235
230
261
244
243
259
239
282
250
251
246
229
250
241
233
244
256
257
241
247
274
224
234
256
232
233
256
258
239
249
254
235
224
252
241
236
250
244
252
278
232
267
233
246
206
231
236
241
249
229
258
272
210
243
226
223
237
255
225
242
240
251
238
223
233
266
230
261
242
283
265
255
255
264
252
242
274
255
231
269
249
259
258
256
257
265
232
262
208
257
269
245
249
254
237
245
237
253
257
229
248
269
261
219
218
241
239
234
243
227
227
203
256
265
247
226
258
255
268
226
256
210
214
259
222
233
267
252
245
263
269
266
231
225
252
227
250
247
216
252
237
252
233
254
279
260
238
235
238
235
241
254
229
234
218
240
221
250
246
237
252
238
231
258
246
261
257
258
260
230
234
282
262
245
250
249
242
243
234
269
225
219
251
247
261
267
265
228
280
254
247
264
248
257
238
244
239
234
226
240
235
226
236
229
234
237
229
260
273
241
243
247
233
221
246
248
248
244
225
239
