4096 243.604912 37677624
Djb2 functions
234
224
264
226
251
253
249
248
259
235
257
261
238
255
231
256
254
239
278
270
239
244
227
233
260
266
222
262
252
233
257
252
224
268
247
272
236
270
258
233
269
230
257
253
256
231
265
254
251
226
242
263
239
228
262
245
245
259
235
244
262
244
231
242
217
250
230
241
258
250
224
249
230
256
261
250
236
239
237
235
231
236
254
245
235
223
241
242
235
283
278
232
245
258
212
223
275
246
262
241
256
239
271
221
233
233
230
252
232
241
247
215
248
205
260
259
244
252
232
233
282
241
228
240
243
233
236
247
249
266
252
248
244
244
266
283
244
255
266
272
240
254
221
261
249
242
231
261
242
269
234
249
223
210
217
221
218
237
239
263
245
243
263
244
220
213
277
216
244
230
242
260
250
232
241
241
251
213
249
253
237
231
247
243
246
237
241
261
257
232
236
232
271
256
234
239
241
236
264
231
238
237
223
278
246
262
225
220
266
269
245
214
250
244
261
244
228
241
238
260
253
263
257
255
224
255
256
234
268
238
249
244
227
248
236
240
239
207
254
254
228
243
262
267
244
264
193
239
268
229
248
220
237
233
252
245
248
285
261
251
243
269
246
206
230
228
253
225
240
233
246
247
246
240
231
239
253
209
250
264
217
263
256
253
254
223
241
258
258
220
274
246
256
252
234
219
252
242
245
244
243
247
230
210
229
241
259
266
282
248
252
246
241
255
251
261
240
217
243
264
241
235
239
234
258
262
254
245
238
278
233
233
260
220
254
228
233
266
248
236
227
243
242
242
230
234
229
256
249
240
219
254
248
231
247
256
240
230
260
217
218
224
252
218
233
263
244
240
263
239
264
224
220
229
233
239
272
256
236
227
237
247
260
243
233
264
247
269
233
247
246
252
234
247
226
207
240
231
237
246
262
245
220
230
262
232
238
246
232
256
238
224
228
247
254
246
229
215
217
266
219
245
249
243
275
257
239
247
235
262
261
252
246
237
239
247
224
246
276
236
228
240
276
251
246
250
243
222
246
265
256
244
285
267
267
231
259
266
252
240
256
240
243
257
232
243
247
221
231
220
242
235
238
254
255
244
261
230
230
238
275
245
256
247
279
239
232
267
216
260
250
239
247
241
256
251
239
225
250
262
247
238
255
245
250
281
245
250
256
243
223
233
223
246
254
246
249
244
248
260
247
248
238
278
265
220
224
231
274
232
271
251
223
224
241
256
245
243
251
236
216
255
269
241
256
254
261
254
236
255
238
248
242
238
247
234
279
251
298
245
267
240
264
222
249
230
224
245
266
231
250
237
264
244
272
238
244
244
232
226
251
254
233
230
213
230
237
223
293
233
232
242
245
251
238
239
273
239
252
280
241
228
235
246
254
256
248
251
252
234
230
234
249
213
245
228
240
250
228
238
248
237
258
242
218
233
229
259
259
258
253
250
282
214
233
219
238
250
236
265
196
251
229
277
279
256
228
259
248
260
261
235
242
245
238
220
236
246
224
239
242
254
247
240
244
234
272
242
244
226
234
260
236
230
234
251
241
259
245
239
242
245
268
241
237
239
237
245
246
251
241
231
284
260
235
240
247
265
246
245
249
226
232
231
236
230
247
264
255
237
230
251
245
249
253
221
212
237
246
231
282
251
255
252
229
231
229
235
235
238
258
266
227
233
257
228
250
238
238
211
239
248
239
229
275
256
257
261
220
259
244
257
221
224
240
242
242
238
251
241
263
237
237
241
238
229
244
251
242
280
267
240
240
268
236
234
244
210
241
234
239
235
255
229
261
261
239
252
236
233
264
212
280
224
213
243
215
236
240
258
242
247
256
257
244
254
243
252
245
243
246
246
227
235
243
239
226
248
253
240
253
228
245
218
231
248
258
236
239
234
246
214
236
250
239
262
268
248
257
245
223
267
242
246
195
254
242
270
287
213
259
277
226
253
247
254
268
257
272
273
250
266
241
247
241
254
249
249
240
239
218
259
272
233
258
209
255
231
259
247
287
258
232
251
231
229
243
237
245
258
258
242
236
214
230
253
245
244
271
271
219
236
257
246
270
265
238
247
240
272
254
221
251
238
225
241
247
262
253
253
244
233
223
251
275
282
240
236
236
255
255
229
245
228
238
271
217
234
250
234
233
252
260
241
221
230
251
208
248
222
258
265
254
232
246
228
235
253
231
244
242
239
241
238
237
259
231
256
259
270
221
240
229
265
240
238
259
241
247
226
231
250
265
248
249
252
242
244
251
238
228
245
245
230
265
234
239
243
247
264
247
245
239
284
267
232
254
239
242
251
233
275
251
239
255
262
232
268
232
230
253
222
265
261
240
239
238
266
256
231
240
253
240
238
256
235
237
220
240
263
231
241
237
265
237
223
240
269
230
244
220
256
255
221
226
243
208
239
255
270
242
242
269
260
236
235
260
259
236
235
242
273
275
248
265
207
252
259
262
230
252
236
248
252
246
224
236
234
245
252
282
251
232
272
240
235
231
221
250
244
253
260
242
245
219
253
250
251
243
259
249
237
254
283
237
224
250
250
241
257
236
241
238
270
233
221
242
232
240
244
239
255
244
218
233
269
249
251
279
258
217
247
239
253
213
214
267
223
237
273
238
220
286
253
243
252
216
244
247
264
240
229
225
264
250
240
244
246
230
233
229
236
262
260
263
254
220
247
242
231
236
238
231
248
256
251
232
250
242
283
239
217
238
233
240
247
222
253
246
257
259
254
259
215
247
266
250
249
249
256
232
247
254
257
211
247
272
244
225
214
217
244
242
268
256
230
233
217
257
236
236
247
272
255
245
241
259
247
271
231
259
267
236
211
228
241
268
222
242
242
243
251
233
225
255
247
227
239
232
271
222
224
259
246
252
240
236
258
233
248
235
221
236
244
261
232
250
209
240
216
254
243
248
232
274
254
256
234
222
287
223
260
233
253
234
233
231
257
290
231
217
229
237
274
256
242
230
249
239
228
259
238
241
237
262
240
230
248
245
246
237
266
272
229
227
238
233
236
243
222
233
227
257
260
233
251
255
268
260
217
263
228
235
261
233
227
235
246
250
238
263
234
213
246
247
241
247
271
212
247
260
206
259
249
222
233
242
250
231
247
236
253
251
229
244
234
237
229
262
237
229
251
248
227
235
244
230
246
253
220
240
255
247
253
218
253
245
224
243
219
241
257
235
230
237
219
246
258
247
259
264
209
253
257
262
249
257
236
244
255
260
256
244
223
223
248
231
246
241
256
252
256
275
224
235
258
234
252
244
241
272
236
242
250
221
252
235
209
253
254
239
262
280
246
240
245
234
231
258
244
249
237
237
218
239
233
247
262
237
225
235
268
246
215
219
270
272
252
226
243
208
266
252
248
244
255
231
241
243
231
241
233
227
233
236
238
248
275
245
241
274
249
241
239
243
247
237
241
239
232
265
215
245
266
219
257
230
254
246
257
263
256
247
238
254
256
238
246
251
263
257
238
236
249
246
229
234
255
239
252
242
225
227
225
264
257
235
256
254
267
225
254
236
246
260
260
246
226
258
263
239
215
241
212
244
256
251
259
237
227
237
262
247
227
243
216
268
274
245
226
246
258
233
246
239
266
256
209
264
229
200
248
221
258
246
246
259
232
253
246
254
249
263
235
252
252
262
226
225
269
251
238
269
218
239
242
222
251
278
251
238
225
250
243
248
247
266
229
225
262
221
227
233
225
257
238
250
233
242
236
225
226
250
234
244
229
246
263
251
232
270
246
273
266
255
259
254
257
270
245
237
242
243
222
265
254
232
244
246
252
223
234
246
232
241
275
229
237
242
246
264
273
252
227
257
229
262
224
228
266
257
218
264
243
263
240
243
229
219
258
235
217
232
255
263
259
245
240
228
277
238
234
235
266
227
243
249
235
272
235
227
221
234
287
268
246
238
245
233
245
265
248
270
260
231
239
284
249
255
261
244
258
247
229
256
277
239
256
246
218
250
241
266
234
227
242
239
264
257
226
230
258
237
209
252
243
229
214
240
265
242
224
273
231
215
227
263
252
221
256
221
245
237
279
242
250
241
234
240
251
237
234
205
243
248
253
271
236
239
261
220
244
244
226
261
233
244
242
250
228
242
238
267
214
190
229
260
251
248
238
250
245
229
262
222
254
218
246
208
232
243
242
227
257
242
228
238
215
215
239
249
245
260
255
257
233
233
242
236
264
237
259
224
260
207
255
249
254
246
263
225
228
245
252
239
246
229
247
244
245
241
257
234
264
228
222
243
247
233
257
263
230
255
240
239
243
232
221
252
230
254
258
253
246
246
215
252
269
256
231
247
281
234
231
235
246
233
267
238
263
256
264
238
232
237
240
209
252
233
252
245
226
211
213
224
269
241
268
261
275
276
234
288
224
227
241
223
229
247
226
259
246
252
218
250
236
250
228
274
260
242
268
258
260
260
207
255
228
239
245
254
235
253
237
232
239
278
250
243
234
280
249
211
224
231
262
230
241
246
238
241
247
227
260
216
228
242
243
220
231
228
255
223
251
237
261
247
246
260
254
247
228
255
223
223
245
245
256
265
250
229
242
239
244
241
243
237
266
263
221
249
229
254
276
228
252
257
244
258
251
216
271
235
247
204
243
245
242
219
233
241
242
253
226
265
241
248
246
275
228
251
208
238
257
252
245
237
219
243
262
270
249
281
232
257
243
254
260
234
277
257
261
256
225
199
238
239
237
250
235
221
263
243
239
253
259
274
227
229
265
258
250
236
243
251
248
246
278
256
247
291
220
241
218
246
243
237
216
264
235
222
215
256
221
243
242
249
241
229
238
284
255
246
225
221
232
226
249
257
234
234
237
250
215
263
238
260
239
229
240
211
243
237
245
253
263
253
255
269
252
250
266
240
253
255
234
232
225
258
240
246
249
240
224
232
219
218
233
239
269
247
226
251
240
253
249
240
246
256
257
258
235
247
234
235
265
270
232
244
241
248
239
261
259
245
232
242
234
239
232
256
233
280
247
232
241
253
238
256
261
236
243
263
244
253
235
249
243
221
255
242
246
261
236
267
239
242
244
254
218
224
266
236
241
252
285
256
248
229
235
230
243
222
268
278
212
257
259
251
249
252
265
228
250
250
234
268
246
253
229
252
234
249
267
231
245
238
260
265
225
242
238
228
255
250
220
237
218
241
250
270
254
252
237
251
226
243
231
239
248
252
249
244
243
248
246
241
229
218
225
230
233
236
232
239
239
234
263
233
242
231
254
254
239
248
242
251
238
243
254
244
261
249
221
256
257
228
217
249
259
247
229
271
240
256
246
258
218
243
250
266
246
293
252
243
254
226
237
231
204
253
260
288
227
236
234
233
229
233
258
284
225
254
247
237
245
233
252
252
249
244
237
273
241
231
205
241
227
237
224
239
239
247
222
248
226
242
263
236
283
239
230
240
259
239
237
251
281
228
244
240
255
248
222
258
235
240
223
250
271
228
267
268
238
255
242
240
241
211
254
244
269
271
272
244
215
274
246
238
234
242
224
257
251
222
223
266
253
238
260
224
263
276
219
261
247
259
255
240
234
229
237
253
206
221
231
270
269
256
256
252
234
226
251
236
257
257
226
238
252
243
241
261
253
217
243
252
226
263
223
247
274
249
250
255
251
259
246
239
243
259
245
202
235
268
231
222
220
244
264
227
249
252
226
220
246
246
264
248
229
249
267
262
224
249
243
222
250
269
235
261
213
234
261
224
260
233
279
247
237
235
258
256
274
240
253
247
247
271
253
262
266
232
245
241
271
237
237
236
225
251
246
252
250
259
289
261
237
225
215
206
224
233
249
250
237
253
250
263
237
270
240
252
251
227
247
240
247
241
248
238
245
239
252
235
236
247
257
242
254
252
207
263
237
245
221
236
256
232
255
257
247
227
231
244
267
252
240
240
218
251
251
237
248
226
259
241
267
235
252
232
247
266
258
244
208
247
214
266
247
281
235
280
260
232
256
232
243
263
242
248
243
253
259
233
224
245
237
255
251
227
235
244
217
256
258
252
228
255
259
237
220
239
265
232
239
248
237
234
254
245
263
237
240
241
257
203
252
242
235
243
227
229
212
237
256
229
256
243
230
239
251
252
258
253
269
235
207
249
244
242
240
230
238
239
249
238
229
227
242
238
254
213
248
259
259
264
256
227
244
248
246
242
220
247
234
221
248
227
268
234
246
277
241
215
252
216
235
250
222
255
239
248
247
223
221
221
266
241
200
243
222
282
229
262
250
264
253
230
255
243
251
240
240
245
254
267
281
273
256
231
216
236
260
232
271
240
254
252
242
251
232
258
243
223
254
249
238
239
232
243
248
235
243
237
258
229
234
262
271
246
243
239
225
249
222
247
250
258
277
247
250
240
227
260
251
223
239
257
243
236
273
225
247
248
259
249
245
248
212
236
257
252
260
234
207
228
222
251
239
264
234
239
232
272
227
239
231
234
236
268
247
245
254
250
246
221
251
258
240
246
243
275
239
259
223
242
239
247
251
272
237
249
223
250
241
260
234
244
227
223
233
249
228
227
240
218
241
230
267
246
224
218
250
272
236
249
272
245
222
233
254
244
240
268
267
280
244
267
214
236
250
270
249
216
246
238
262
238
219
220
247
243
263
235
244
213
265
255
221
238
196
250
240
220
248
218
250
228
226
253
259
249
242
267
244
239
228
225
263
258
227
220
298
241
223
238
247
251
274
268
234
247
255
243
221
245
266
248
251
270
237
283
257
236
247
261
228
215
239
228
266
243
254
234
236
262
269
233
231
227
230
222
255
267
241
246
256
219
243
239
225
297
285
239
261
230
243
230
268
247
252
241
239
233
244
240
254
272
225
246
231
229
253
254
237
214
228
237
212
247
252
278
224
238
235
243
244
212
236
237
239
255
252
259
254
240
282
266
262
253
257
233
226
259
223
230
218
234
237
232
241
245
261
264
267
280
228
231
247
247
256
268
259
226
282
249
227
265
233
248
235
246
227
264
257
227
215
235
274
222
248
233
214
256
256
254
248
238
229
257
239
232
248
256
265
257
226
262
234
222
276
254
242
242
264
242
246
230
274
223
256
209
239
218
227
237
245
255
246
265
216
249
229
245
260
222
249
266
223
236
241
221
271
268
234
244
222
237
255
224
249
266
249
263
253
249
254
258
236
229
231
233
240
208
251
265
232
255
224
242
254
234
233
236
248
240
241
265
234
268
256
237
265
237
215
220
270
249
228
271
252
301
267
258
239
249
269
290
218
245
229
252
239
271
239
231
237
248
251
250
273
260
233
226
268
240
268
264
239
272
231
252
270
248
239
265
242
240
254
256
226
270
219
268
211
230
260
238
264
226
239
226
263
244
269
232
221
262
236
267
220
241
242
235
230
234
237
230
230
245
268
262
241
254
251
268
223
258
242
232
253
230
257
250
261
268
238
267
243
225
258
237
245
230
236
231
255
236
246
226
267
248
249
251
265
280
266
262
242
240
218
275
253
224
240
247
253
258
263
226
233
241
236
240
228
252
270
239
256
229
258
239
263
233
261
249
240
234
239
242
267
230
252
239
238
269
230
273
261
268
252
225
241
240
233
243
261
255
255
228
231
256
234
239
265
236
257
259
240
233
217
246
233
268
243
235
240
220
239
265
283
239
253
254
224
235
235
253
232
238
271
224
249
261
289
235
235
277
240
256
269
247
239
223
242
235
235
235
252
236
238
243
255
230
239
259
230
281
243
242
241
231
240
263
242
256
247
271
245
255
241
235
270
230
249
248
245
251
272
242
237
235
236
211
259
252
266
249
236
252
253
250
240
232
255
211
223
240
254
273
246
265
228
252
238
241
251
242
228
245
249
233
247
252
234
241
252
215
236
246
241
265
203
261
259
242
243
245
225
236
244
265
246
251
256
259
220
251
257
226
243
237
230
279
247
263
226
219
245
239
205
232
253
267
252
247
220
248
254
254
255
257
244
215
222
238
228
238
239
247
257
240
246
222
237
257
238
222
275
233
263
248
246
252
269
243
233
240
264
244
250
261
262
241
252
246
259
242
221
255
254
241
242
229
230
239
220
227
238
237
245
246
246
253
236
240
220
258
254
237
244
251
248
255
231
236
231
238
259
223
265
257
237
241
243
255
234
223
236
247
237
241
275
231
250
236
267
222
236
215
244
227
241
252
259
262
238
268
268
250
234
267
230
241
232
230
266
238
257
217
249
277
271
234
247
238
236
242
259
223
238
242
281
275
261
254
251
244
225
269
234
250
248
255
232
241
244
261
228
254
228
228
220
250
244
231
226
237
257
257
223
247
218
239
238
260
258
229
236
243
257
239
248
248
265
252
234
261
263
263
253
252
242
255
236
214
241
263
259
236
244
234
273
227
242
238
237
267
252
230
266
238
236
243
254
242
238
265
235
218
233
246
230
279
244
259
230
253
250
249
252
239
245
241
252
251
235
248
248
230
234
241
222
250
253
244
212
241
233
260
255
247
237
260
238
224
273
238
237
252
234
209
233
223
260
239
235
225
284
239
212
237
236
230
245
237
236
251
234
242
243
238
244
250
222
238
268
220
250
227
247
249
257
261
234
257
237
246
272
272
236
261
263
220
258
236
261
277
232
234
232
251
257
263
267
246
223
251
273
237
251
245
263
232
224
255
248
239
248
248
241
200
228
234
271
229
243
242
237
244
275
219
244
244
260
252
233
241
229
234
243
242
232
198
228
228
248
279
256
255
239
227
235
244
251
240
253
262
250
228
232
227
246
225
218
267
238
258
256
247
265
229
273
241
250
258
245
269
231
233
230
223
243
212
271
233
223
237
249
220
222
233
233
247
251
236
256
241
255
240
256
225
257
245
234
225
227
248
243
248
232
240
226
212
254
231
226
247
264
241
250
302
237
237
238
238
247
229
231
231
257
266
251
259
230
242
229
268
242
222
246
249
212
245
234
240
232
257
252
277
246
237
246
223
247
226
240
230
258
277
225
232
239
253
260
244
241
253
221
227
244
242
225
243
256
260
244
226
244
234
237
278
231
229
245
250
234
229
232
230
260
233
238
237
253
245
268
265
256
232
251
237
243
224
225
241
218
243
230
240
227
251
258
240
217
256
215
255
222
234
228
224
251
248
254
228
266
244
235
253
239
230
256
270
245
240
259
238
255
242
220
226
242
241
248
256
246
252
250
275
248
231
265
252
254
253
254
235
212
245
268
280
252
237
248
230
212
236
238
272
249
247
216
271
240
222
259
260
243
254
243
226
259
253
243
244
258
244
240
253
254
249
246
242
254
