4096 413.361748 38410189
Sdbm functions
261
224
269
229
264
278
228
242
257
227
198
269
235
251
214
239
225
190
213
216
227
244
220
222
247
229
231
257
207
228
235
233
215
207
265
223
240
240
230
230
263
244
232
228
242
272
249
281
268
246
264
245
269
285
256
277
262
276
251
252
223
242
256
248
250
247
264
278
260
228
222
238
254
229
255
230
247
231
223
224
217
242
226
223
241
230
242
207
202
231
230
251
228
227
235
246
236
246
249
235
248
229
257
231
246
242
257
251
229
239
255
251
263
288
258
247
249
263
260
237
268
238
263
246
255
242
245
230
250
238
249
263
223
215
256
258
229
235
238
220
218
214
225
220
229
231
255
231
222
206
239
193
234
236
219
243
245
241
253
202
222
236
232
258
241
225
260
241
292
256
234
237
268
261
234
244
277
260
250
246
255
264
258
237
263
262
226
270
288
246
250
251
268
271
229
245
238
240
228
268
272
237
231
236
227
233
261
245
225
249
207
228
240
235
264
208
241
214
218
232
243
238
249
254
232
246
238
240
236
256
240
260
259
272
248
234
244
286
270
277
281
283
252
283
239
241
247
274
247
272
236
281
232
235
227
268
231
255
232
263
253
227
256
208
236
256
228
241
218
220
253
239
234
229
197
195
230
223
204
235
227
230
219
217
216
228
208
236
247
215
231
236
239
228
263
261
232
242
250
269
259
288
283
258
248
286
241
228
234
271
284
263
248
270
254
234
254
263
278
269
274
228
233
246
237
258
254
218
269
228
209
238
250
218
219
235
221
210
230
254
240
222
217
233
224
223
217
225
243
261
236
211
202
250
245
228
243
253
233
228
300
275
249
267
288
256
287
250
238
258
277
270
258
266
247
289
250
254
261
258
236
249
265
259
273
239
233
259
219
240
262
242
231
231
218
235
232
214
211
256
229
222
219
210
241
225
214
235
235
239
243
217
200
237
242
222
250
227
246
258
214
235
226
227
256
265
259
239
261
274
257
260
289
269
268
270
297
267
272
285
243
267
269
278
269
263
232
271
248
263
237
240
239
219
271
265
226
251
245
198
218
197
234
213
193
244
216
212
231
227
221
246
241
206
207
256
240
240
240
221
237
253
240
239
262
250
223
259
279
257
283
249
266
269
254
252
244
229
231
270
263
262
277
256
289
242
269
286
242
244
244
262
250
254
233
232
260
242
239
256
225
223
234
249
231
235
223
230
218
240
214
243
229
235
206
222
233
223
252
233
224
221
228
218
225
228
250
254
240
240
227
239
215
252
271
250
236
253
240
259
293
258
251
266
264
276
249
248
248
277
243
291
252
286
244
240
259
275
223
231
246
228
230
279
253
226
236
220
245
199
211
244
226
209
242
212
253
230
228
260
220
239
230
220
217
222
250
236
254
225
225
233
231
264
255
278
215
237
266
237
268
247
273
262
270
272
272
241
265
265
251
261
255
249
253
289
256
244
265
282
242
255
261
267
243
250
232
235
247
240
246
227
228
226
219
211
233
229
219
228
215
229
221
225
221
226
231
234
216
263
245
247
242
255
240
240
246
243
253
256
233
255
255
267
254
255
254
267
263
239
267
259
260
270
248
248
281
222
256
270
246
284
248
238
244
259
256
256
268
227
202
232
256
231
214
232
235
226
236
236
231
230
220
234
212
265
228
236
238
227
221
237
215
228
227
216
253
251
236
245
261
262
243
266
228
250
255
252
222
244
240
265
232
258
280
260
246
264
265
247
264
236
245
238
255
248
260
260
300
258
263
252
245
254
248
267
262
225
221
259
247
240
247
207
213
211
214
235
230
232
224
222
215
222
233
193
239
221
231
262
240
251
224
222
245
236
252
269
274
258
267
245
241
251
282
256
229
257
256
265
280
277
230
269
258
231
269
262
265
244
261
254
242
243
251
271
229
272
265
249
226
224
264
234
251
245
240
223
212
237
238
232
247
220
220
231
190
214
229
252
228
227
223
254
228
224
241
249
266
227
227
230
262
238
268
252
251
263
255
260
275
292
255
277
261
251
268
267
255
262
254
292
241
282
260
236
230
250
255
264
244
272
254
237
212
227
212
238
202
228
228
227
245
204
237
226
238
250
214
190
243
215
219
233
209
249
217
238
273
225
247
245
243
239
243
249
264
260
291
262
265
218
248
244
266
232
229
265
230
260
275
282
240
286
253
252
246
247
258
243
267
269
262
232
252
246
227
251
232
254
244
217
228
215
240
218
243
211
226
224
247
255
208
202
232
227
220
235
252
228
231
223
212
253
250
236
260
242
278
241
249
257
259
275
255
267
277
282
256
255
277
247
269
260
261
245
261
268
268
249
250
219
260
243
247
268
248
216
206
234
240
220
278
244
205
206
238
210
227
236
225
212
199
222
249
238
261
247
213
207
215
221
233
235
238
234
246
239
254
214
237
234
255
250
270
242
238
247
262
242
250
241
264
255
258
273
297
262
263
252
230
237
243
244
266
273
242
270
226
255
264
226
237
262
239
252
253
227
236
241
252
226
225
242
231
210
236
223
240
230
252
247
234
223
218
205
253
256
236
233
238
270
214
262
237
222
242
276
237
233
259
286
269
242
271
226
255
230
272
285
239
263
265
243
304
251
246
277
270
264
281
255
234
226
216
243
247
247
258
216
198
231
236
246
242
228
235
216
226
218
236
222
186
221
224
240
218
249
211
215
223
240
250
230
238
244
249
220
240
276
254
243
214
226
253
243
250
240
254
229
251
249
241
251
275
269
262
276
252
286
233
262
278
240
244
259
245
250
228
237
234
244
229
214
227
239
224
235
208
236
222
232
246
228
236
240
248
227
245
256
222
217
253
246
244
206
227
206
246
247
215
244
273
230
252
233
247
269
258
257
260
273
273
272
213
269
284
273
258
282
274
248
258
256
271
259
240
253
263
275
257
256
284
265
241
243
242
277
237
225
233
217
235
239
250
231
221
229
228
268
213
225
194
234
246
234
241
205
237
226
235
218
231
249
232
241
245
234
250
231
248
236
256
240
259
259
240
253
258
272
267
281
287
288
279
258
304
238
245
251
261
259
235
250
255
230
263
232
265
236
246
231
252
244
228
233
236
234
229
241
212
252
214
238
233
228
210
225
221
238
251
225
238
231
234
218
240
277
219
221
231
246
246
273
225
254
244
249
259
263
256
273
266
259
279
272
283
285
282
262
273
273
222
260
243
262
260
222
249
247
261
270
234
217
243
222
231
231
228
231
228
233
213
201
229
232
255
243
217
248
228
252
236
248
206
220
248
248
238
253
233
210
224
239
219
226
227
233
260
241
243
258
250
290
257
305
261
255
272
265
290
248
263
272
295
259
280
273
280
247
256
222
259
242
249
251
237
214
211
228
231
261
242
208
243
234
231
184
247
245
207
244
226
242
228
210
221
223
215
204
224
218
253
234
221
232
224
249
225
216
284
224
237
263
232
263
284
258
262
280
226
236
282
253
266
238
279
247
261
277
247
275
248
237
242
258
266
235
216
220
243
260
254
230
235
240
222
244
220
231
238
246
213
245
223
240
216
234
241
245
216
217
209
227
224
241
217
236
263
240
208
227
268
236
233
234
245
272
251
267
261
261
268
260
255
276
278
271
256
270
270
285
282
281
257
249
257
253
239
267
265
245
227
264
235
239
224
224
216
244
221
249
218
230
232
215
235
231
235
256
233
221
215
242
231
216
216
232
225
232
230
238
232
214
248
221
265
219
263
243
246
249
279
258
262
262
255
271
269
277
235
258
279
290
272
263
249
291
274
297
254
266
241
248
267
272
240
248
244
274
239
230
233
239
228
242
254
215
224
234
221
246
211
221
225
238
225
271
229
219
237
253
223
219
250
231
245
225
270
221
245
258
252
267
263
282
261
263
225
265
254
266
270
273
269
255
265
275
264
254
271
262
281
274
255
278
230
247
245
246
257
240
278
240
217
245
216
233
250
260
243
229
243
229
235
221
219
220
208
248
204
220
218
220
228
238
229
241
232
231
268
256
228
247
268
249
239
262
271
233
249
277
257
255
291
255
284
283
271
251
252
264
267
249
266
257
285
285
280
239
253
243
241
274
263
224
241
258
234
254
244
256
247
247
239
223
216
230
208
246
242
241
252
215
246
230
245
237
218
226
215
220
229
230
244
212
221
235
247
262
260
260
253
248
243
240
251
233
260
271
252
243
245
271
262
265
273
251
245
260
254
235
223
252
269
240
267
251
217
262
246
238
246
248
233
241
261
218
238
256
220
245
220
206
231
220
200
249
240
234
224
239
241
206
247
218
230
216
224
238
262
234
215
236
247
235
241
269
234
234
259
280
255
276
235
280
275
278
240
244
258
284
251
241
254
266
265
243
221
250
230
231
253
226
242
222
222
240
226
239
211
230
218
227
193
225
216
245
239
221
241
221
231
242
256
213
214
223
251
242
219
238
238
281
253
245
258
249
258
251
293
240
253
259
264
252
256
236
263
252
298
266
285
254
247
290
256
297
228
264
233
234
242
252
218
244
253
230
265
228
215
266
248
231
224
230
234
215
248
252
245
222
231
214
205
240
233
238
236
229
249
229
231
233
245
231
260
228
239
235
262
245
244
271
261
270
254
266
271
276
259
226
270
256
250
265
297
241
253
266
259
245
252
269
263
270
253
255
259
220
255
248
237
242
266
247
248
237
251
223
229
229
212
236
231
248
221
238
234
247
234
246
244
225
253
213
227
231
227
269
234
213
259
238
275
237
245
252
250
224
261
274
239
253
231
252
267
235
264
233
279
275
273
282
276
222
256
237
269
238
246
249
250
258
265
245
196
232
234
230
241
235
222
217
223
245
215
226
224
220
237
230
208
208
207
233
207
218
221
207
236
209
212
228
221
242
226
228
251
256
255
241
216
262
256
224
252
276
273
252
282
274
240
245
278
280
267
259
266
259
247
253
250
245
267
258
261
238
249
267
263
250
245
242
229
222
218
197
246
210
231
202
230
223
221
196
205
230
233
251
234
219
211
230
204
235
211
248
215
230
220
222
227
244
258
250
238
239
219
232
257
266
252
232
259
250
266
268
249
277
247
266
266
262
259
260
282
248
255
270
221
264
223
244
236
230
241
240
239
233
242
262
229
238
226
214
234
241
241
194
233
228
236
211
230
223
259
209
211
276
233
242
258
223
222
210
264
224
225
290
260
272
259
255
246
223
239
240
265
266
266
246
256
269
250
261
260
245
235
239
227
270
277
237
277
247
249
274
240
230
254
256
229
230
256
231
221
238
222
225
235
251
241
235
221
204
228
249
210
253
205
204
233
251
236
227
247
204
232
250
234
236
254
240
254
271
243
287
256
303
287
243
236
273
259
281
229
245
237
260
245
267
261
251
267
235
261
279
262
231
260
244
256
241
229
208
259
226
249
241
222
230
235
228
227
231
234
234
239
237
199
208
265
235
239
259
243
226
262
228
242
255
228
247
226
253
211
258
254
258
267
282
256
255
263
291
263
251
291
268
279
268
259
259
292
228
244
271
250
265
239
241
253
248
241
260
255
234
226
248
250
226
234
223
232
258
208
240
206
241
222
221
230
225
217
217
216
214
240
223
229
224
254
224
226
225
252
230
275
225
218
257
240
253
229
271
254
257
272
226
273
280
267
246
285
257
286
246
278
257
290
270
260
246
255
281
255
269
237
252
232
245
254
228
254
239
225
219
258
223
232
244
243
212
230
254
220
234
219
239
190
240
208
216
260
221
244
232
244
253
239
246
236
277
255
220
262
252
266
244
264
249
270
270
254
279
294
256
254
281
254
279
259
254
230
267
259
274
262
254
256
271
239
246
229
227
297
274
230
259
259
248
270
230
245
216
266
253
223
230
226
221
208
215
222
222
223
226
206
237
228
212
239
217
241
240
245
253
252
269
216
237
251
258
261
287
250
264
270
251
252
250
243
228
235
287
270
253
277
266
253
260
265
251
250
266
284
249
229
255
258
256
238
230
229
234
208
256
238
220
203
258
234
230
233
192
231
235
235
205
217
213
214
246
248
227
237
254
230
224
243
255
246
244
246
249
256
254
261
255
272
261
225
256
261
250
254
290
261
264
242
254
252
278
254
284
252
251
261
244
256
261
257
227
205
270
264
222
238
208
239
248
223
246
247
227
226
209
229
244
259
223
240
230
231
228
255
211
223
263
272
249
219
246
248
241
242
264
261
264
245
277
236
233
256
266
277
288
296
261
253
252
244
284
265
276
266
267
272
289
247
260
230
239
240
229
239
244
231
231
227
234
234
205
245
238
235
241
220
272
214
253
214
206
218
250
202
224
223
226
238
231
237
221
231
235
243
212
246
253
256
234
231
264
263
271
258
263
249
268
293
233
232
296
242
264
270
254
276
277
274
269
245
253
250
259
243
251
262
254
257
226
217
239
235
231
232
258
217
223
209
217
243
230
252
242
225
214
213
203
228
221
224
222
220
249
215
225
224
241
252
239
220
264
230
255
253
268
247
256
261
254
254
269
278
285
242
272
278
281
260
254
261
288
229
237
272
255
264
258
233
264
249
262
250
240
225
229
236
235
257
248
230
236
233
233
235
236
247
201
207
221
198
226
244
243
242
228
259
214
231
233
236
225
263
246
288
231
251
230
247
245
274
247
276
258
252
271
272
254
242
266
271
266
264
297
251
268
255
287
264
240
280
264
256
240
225
250
267
226
220
254
250
248
235
241
224
225
225
226
250
229
237
219
218
212
200
247
209
228
242
224
224
223
199
217
243
243
219
238
243
238
228
246
234
250
231
242
254
273
266
262
268
248
277
273
262
275
275
287
259
237
270
264
270
271
253
267
257
232
240
249
257
242
212
222
226
253
255
244
228
263
252
237
242
242
208
254
227
215
247
214
232
221
219
233
253
261
219
243
228
223
255
242
222
269
255
263
227
235
224
260
263
254
258
245
263
252
221
258
249
292
274
264
272
279
223
255
252
286
261
275
217
251
222
271
239
264
259
235
250
245
237
247
233
211
244
244
240
255
220
224
215
238
230
238
228
227
213
216
229
246
209
238
226
262
225
245
219
272
226
255
279
259
223
298
246
239
280
264
278
276
259
251
244
251
249
282
247
279
253
271
251
246
251
234
267
237
259
235
264
222
241
243
228
240
263
243
237
230
224
257
241
211
226
235
223
206
267
221
219
231
232
244
219
230
231
242
215
247
225
226
266
237
265
231
248
255
222
240
240
233
258
273
283
246
265
254
275
292
266
291
231
281
234
266
231
260
273
246
245
284
265
250
249
226
262
262
243
213
254
222
233
251
221
224
226
228
193
211
227
192
234
210
225
213
189
233
257
228
217
209
242
230
238
229
241
209
266
234
240
244
265
269
261
235
253
295
254
264
248
231
261
249
238
280
269
271
243
269
257
287
262
254
245
237
231
258
230
279
251
232
246
235
253
226
238
228
232
252
205
212
227
228
208
206
249
213
229
250
203
223
231
242
210
232
261
231
222
244
262
231
247
237
247
274
240
271
243
269
294
266
260
265
289
284
212
255
283
273
291
253
269
260
237
280
249
267
254
242
258
247
199
222
241
214
252
246
241
228
234
227
243
209
219
235
219
229
254
224
231
231
198
232
224
233
236
225
240
238
255
217
258
223
261
251
248
260
233
263
286
272
259
265
273
268
280
256
230
253
265
268
241
268
278
263
254
271
259
258
245
236
238
239
236
238
237
237
247
257
258
245
243
250
237
240
242
239
233
246
212
236
205
245
222
249
188
186
216
240
220
238
222
240
270
199
233
232
239
259
245
232
224
269
254
227
243
304
223
240
260
284
266
270
227
243
269
272
280
252
267
246
262
255
237
239
253
270
267
284
268
246
253
234
239
274
236
222
211
243
224
205
256
242
233
220
220
207
244
203
220
218
203
248
203
212
226
222
260
238
249
281
260
239
237
264
228
242
228
249
268
285
249
252
238
271
277
235
280
304
278
295
269
255
240
241
220
253
241
232
234
265
245
295
270
219
235
253
235
231
256
251
280
213
218
211
263
220
235
249
218
241
250
252
199
217
236
231
217
249
229
256
226
232
246
249
244
232
253
241
244
269
273
262
246
268
268
244
272
291
294
251
261
265
250
266
283
265
238
262
259
262
266
249
260
277
264
283
242
243
256
230
209
221
230
230
220
276
222
219
252
225
232
243
213
231
225
194
217
229
232
234
214
238
213
234
209
240
247
247
252
230
226
247
271
247
241
224
263
268
239
247
288
253
277
227
269
245
289
276
265
250
250
256
253
230
269
281
234
260
261
252
274
257
252
262
238
247
232
260
247
230
240
250
249
192
237
217
209
220
217
233
213
241
219
211
221
240
216
238
251
216
236
220
249
224
249
265
232
236
259
270
246
218
267
258
249
252
257
242
275
266
270
258
232
267
271
237
260
289
256
248
255
244
287
257
263
238
257
233
230
247
209
219
212
238
241
228
228
217
213
241
210
238
187
226
216
228
238
204
223
244
213
245
252
242
229
235
226
244
264
251
240
225
246
252
242
253
242
263
256
260
255
257
253
284
267
246
269
273
253
275
254
280
264
233
243
243
231
233
232
235
244
249
242
238
238
230
221
243
229
232
238
234
245
242
260
229
202
236
237
204
224
222
226
229
225
224
255
262
243
228
249
231
250
247
239
260
244
281
291
268
239
253
246
293
261
265
259
288
257
271
266
260
253
291
250
245
275
246
243
232
248
246
228
265
238
247
246
264
244
214
214
246
236
216
235
219
237
234
235
210
241
234
228
229
215
216
206
221
233
234
237
237
245
232
250
230
254
227
236
260
220
265
243
261
278
261
246
254
251
265
286
274
270
260
259
243
272
228
264
264
239
237
276
249
228
253
263
231
256
219
264
232
239
215
218
216
253
227
220
220
205
231
220
221
226
247
218
249
233
223
231
225
216
219
235
278
214
239
282
214
269
265
249
231
267
263
267
275
270
247
275
262
226
227
272
284
275
255
237
236
257
270
260
240
245
239
234
245
244
231
212
239
232
208
254
223
242
234
238
247
208
224
210
201
229
224
216
255
219
238
232
218
205
232
237
233
228
252
273
233
273
249
260
257
246
241
262
285
270
277
285
265
257
248
243
263
262
252
273
253
247
269
262
243
246
242
245
245
252
238
272
261
222
244
238
243
247
232
236
218
213
219
266
241
218
241
213
229
211
231
224
226
226
241
192
224
219
220
232
218
241
253
242
258
217
250
293
257
249
271
265
272
265
267
267
255
261
248
250
242
275
248
291
242
264
264
257
236
258
262
269
247
246
259
