4096 250.228447 44637028
String polynomial
246
234
231
224
262
259
242
248
246
239
235
237
203
242
227
238
263
214
223
251
252
257
248
261
275
227
231
261
263
252
256
251
227
269
252
233
247
238
252
217
224
224
224
251
251
232
214
232
252
231
271
256
246
239
245
227
251
255
277
271
253
214
232
248
231
243
239
254
265
238
238
249
249
233
267
255
232
267
250
229
255
261
244
241
256
265
252
226
230
258
223
252
248
239
211
237
263
274
220
249
262
229
234
244
246
249
247
255
238
227
235
247
249
233
252
237
241
237
249
242
240
221
233
211
235
246
240
240
261
260
251
226
225
275
224
245
268
214
254
263
245
248
235
240
227
228
228
200
230
246
275
224
229
257
247
282
239
226
234
230
263
259
250
262
236
248
229
264
235
262
231
225
239
222
231
248
228
228
255
268
233
227
230
247
250
268
229
263
237
233
218
247
275
243
243
270
236
290
255
234
241
227
276
238
269
234
239
245
244
270
240
280
211
240
241
265
254
232
256
246
216
233
251
269
244
275
227
246
254
249
246
256
236
239
219
244
239
285
251
244
222
259
243
253
278
257
255
242
240
235
273
231
240
245
267
243
284
244
243
233
216
250
227
246
231
234
265
267
223
232
265
240
241
248
256
262
254
227
218
276
241
235
216
237
260
240
235
238
262
218
260
230
229
273
254
243
224
247
212
239
244
254
220
240
274
246
239
265
238
257
259
240
236
294
252
249
205
227
265
235
244
251
271
256
240
231
249
242
246
250
238
248
248
259
266
232
260
237
270
253
221
241
232
234
267
246
223
244
285
253
245
245
252
228
217
228
255
240
228
250
265
243
257
259
255
248
251
263
227
245
240
240
254
258
249
238
232
244
254
247
211
251
229
243
248
254
260
265
222
241
249
241
261
246
278
267
254
263
230
230
225
246
270
243
225
255
247
233
253
255
262
227
223
280
260
232
280
264
236
217
251
239
232
260
254
244
237
237
222
257
230
230
234
257
238
267
258
251
241
230
225
241
234
252
251
248
241
213
252
245
230
261
250
273
253
223
249
229
236
259
264
251
217
252
270
236
263
239
240
265
240
240
233
248
247
208
234
229
275
248
242
243
236
246
236
243
259
255
225
217
246
235
245
247
227
250
249
256
238
248
249
237
231
255
217
244
262
249
240
230
227
248
247
234
239
271
254
251
216
249
235
238
227
232
237
238
219
248
252
240
227
227
216
247
255
236
235
216
267
243
267
245
249
235
266
250
231
244
251
250
269
245
247
259
270
245
257
236
239
285
270
243
241
243
241
229
266
242
218
232
244
261
234
240
217
246
246
265
246
246
260
257
237
247
247
252
238
215
218
241
239
260
220
235
240
270
224
262
256
278
236
245
237
251
257
221
272
222
255
234
257
256
205
221
246
258
254
237
250
253
228
223
254
240
255
223
254
239
247
274
242
267
242
246
244
243
243
252
231
235
241
227
245
246
218
257
223
256
278
238
240
233
213
230
209
255
250
264
250
245
270
250
231
234
253
252
231
233
239
237
252
235
279
221
260
248
242
236
247
264
270
248
253
237
239
257
251
215
259
233
300
274
228
272
255
248
225
222
239
230
259
256
219
232
252
261
238
255
252
228
251
238
212
233
284
254
224
224
243
246
250
248
233
242
242
223
243
229
227
213
257
252
229
259
251
233
241
253
239
238
241
270
242
251
231
248
270
261
249
230
273
238
226
243
252
267
248
227
254
300
236
218
245
256
217
254
240
245
228
255
233
273
212
244
249
276
247
257
212
251
237
237
222
241
210
256
248
240
229
221
230
251
240
238
230
249
238
264
238
260
257
248
233
239
257
255
237
215
226
262
231
246
223
231
248
247
256
217
260
255
227
240
252
231
240
240
281
267
238
250
263
238
234
237
252
235
219
242
277
233
263
229
257
238
244
248
247
257
285
249
253
201
245
250
225
246
272
218
267
225
228
263
250
222
262
245
242
263
254
252
242
252
260
253
253
251
214
228
252
256
230
251
230
242
251
211
239
276
242
247
213
210
252
246
258
227
229
243
230
237
230
240
228
245
234
246
223
244
234
236
209
227
267
253
265
245
265
230
255
246
255
238
218
237
242
250
228
263
226
259
231
232
252
224
282
229
262
237
260
243
236
234
256
237
241
215
249
224
256
258
263
239
261
233
219
252
223
226
253
213
252
234
227
260
232
229
232
215
269
244
246
223
233
232
233
228
245
231
237
260
243
256
254
273
237
234
255
248
254
255
214
260
255
237
232
235
238
272
243
233
259
230
253
255
252
252
249
245
255
246
243
244
267
253
247
208
236
268
230
238
266
233
249
266
254
242
250
250
229
219
239
232
260
225
254
245
240
262
204
241
259
261
252
229
235
216
234
226
259
235
262
255
246
228
220
238
239
245
259
259
235
249
263
264
252
230
204
274
251
249
235
235
244
263
257
245
231
226
251
265
234
234
260
271
247
258
254
235
239
235
267
263
206
239
240
249
272
245
214
262
258
231
247
221
242
241
207
247
255
265
246
218
230
236
253
225
234
257
242
234
231
269
249
268
257
250
259
250
213
213
221
245
233
271
249
227
201
246
255
220
219
253
229
224
258
287
251
271
240
243
260
226
268
262
211
242
221
274
233
219
241
251
262
251
218
239
230
224
255
246
259
229
276
213
232
259
238
229
283
247
236
239
247
245
219
252
211
255
253
264
258
244
242
256
271
299
219
225
258
239
217
270
222
257
223
224
238
222
246
259
259
251
228
256
257
259
222
224
266
251
236
260
230
263
280
231
233
232
231
248
254
258
258
237
252
230
232
237
234
255
222
258
248
243
230
233
245
257
247
241
247
264
239
237
231
259
253
244
258
236
242
258
242
247
245
255
245
229
242
234
241
249
223
261
252
222
223
268
258
215
263
249
232
254
245
225
236
241
250
230
239
248
236
263
260
232
252
247
238
249
248
256
245
232
238
215
249
242
240
243
251
252
256
232
245
257
216
231
231
227
253
235
263
242
247
281
252
241
226
250
237
249
233
212
227
238
242
264
257
250
245
256
256
210
242
264
223
238
223
249
247
248
225
276
230
223
242
230
260
254
215
240
274
233
230
224
230
231
235
245
252
256
282
262
229
234
253
228
252
261
269
236
241
265
221
246
255
258
253
216
257
252
228
243
245
216
228
254
254
245
251
269
263
251
235
241
221
224
262
276
248
254
234
253
239
250
240
228
251
240
278
253
223
245
269
250
254
239
251
248
247
243
235
228
260
252
265
232
236
238
245
222
244
244
254
244
236
248
273
245
241
239
236
238
242
224
260
256
225
261
241
270
252
258
246
275
254
232
260
247
269
231
243
222
252
235
259
234
257
266
212
245
252
226
254
231
270
225
261
251
227
244
242
258
241
243
232
226
242
268
256
245
236
244
202
258
233
279
240
227
220
238
252
235
231
217
262
267
264
260
262
259
245
270
218
242
217
214
239
235
234
278
245
269
249
220
239
264
253
260
245
233
240
259
253
249
236
240
246
262
229
251
241
276
226
248
265
244
223
224
247
244
230
227
219
231
255
230
265
252
276
238
261
222
219
248
255
238
267
250
244
235
225
235
237
258
256
249
260
271
219
267
227
232
244
253
227
230
227
266
233
292
242
259
250
241
233
234
229
229
251
268
223
237
290
248
237
248
231
259
230
249
228
219
213
255
242
205
235
221
238
263
259
239
258
247
241
229
268
199
243
229
246
252
277
226
229
274
259
224
238
219
249
250
253
256
263
224
253
239
213
245
232
216
260
243
219
235
254
227
236
270
262
282
274
249
248
253
237
269
236
249
240
258
247
230
250
216
252
234
214
270
210
253
274
236
216
255
232
240
221
241
263
234
252
242
245
231
251
263
248
258
240
254
241
233
242
241
260
258
220
271
243
256
212
234
233
224
250
244
245
229
252
239
275
242
220
253
250
244
240
241
256
274
233
252
253
247
250
260
243
251
250
271
204
225
261
235
250
230
229
237
222
258
232
244
221
226
244
223
209
241
226
235
260
233
226
242
242
258
243
220
215
250
245
229
236
243
217
255
251
263
233
220
228
221
208
235
227
240
249
212
231
254
250
250
246
237
261
265
249
212
250
267
218
224
216
227
241
244
217
266
220
244
225
252
246
245
224
268
269
231
242
228
221
262
238
262
226
250
241
225
256
232
233
249
240
218
262
246
237
234
246
214
224
227
254
262
256
209
229
223
271
230
256
258
229
241
228
264
268
243
240
236
238
228
249
265
261
284
222
226
254
261
237
271
234
232
272
238
254
230
249
219
225
255
237
258
243
247
222
246
250
232
270
231
224
265
212
263
245
277
235
205
226
257
232
244
245
225
232
260
219
237
227
282
217
224
241
267
254
231
248
242
237
226
249
270
256
241
252
254
221
260
260
246
279
244
237
252
227
242
223
251
241
248
256
223
257
289
257
250
252
258
251
245
227
233
233
243
252
256
250
224
244
248
269
248
209
258
229
245
255
250
256
228
259
254
211
248
221
237
226
223
252
244
234
253
224
241
241
270
260
267
271
260
231
235
239
266
227
249
240
246
247
243
246
256
257
246
249
262
261
241
301
224
266
249
252
212
244
258
244
242
246
224
252
229
253
235
259
255
257
241
265
237
246
248
264
246
233
216
252
216
247
250
274
246
257
261
249
239
227
243
245
236
253
235
252
253
259
244
245
233
250
244
238
242
234
227
244
241
244
262
252
218
231
231
254
247
246
267
250
256
231
224
258
293
257
246
257
248
230
254
266
220
251
266
254
221
244
233
274
238
257
213
239
243
276
282
252
249
238
243
268
244
256
245
228
264
225
244
264
252
255
225
256
249
252
241
268
242
254
248
245
267
226
241
233
239
221
262
254
265
243
252
234
233
237
245
254
249
250
219
239
269
254
249
239
223
259
225
243
263
224
272
264
223
231
235
238
257
241
282
253
263
231
272
263
244
254
233
260
231
237
252
255
218
245
262
249
230
274
245
233
272
267
300
236
239
241
240
236
273
247
237
251
259
197
224
250
233
237
244
261
242
242
249
232
246
262
235
237
259
248
245
225
238
246
226
251
231
268
266
275
228
247
223
238
246
209
251
262
230
244
252
269
254
215
235
241
234
263
216
244
237
239
263
244
233
284
236
247
221
241
232
259
213
222
245
259
256
257
224
247
273
242
232
229
239
227
245
254
251
225
231
268
297
243
248
264
222
254
254
225
250
227
257
255
217
245
255
262
210
252
251
276
248
268
224
254
255
260
225
231
245
219
233
232
229
238
244
258
237
249
268
267
252
254
220
248
227
257
247
232
245
269
257
244
237
240
243
254
245
220
253
269
228
259
262
247
266
245
238
246
241
245
222
257
245
257
245
248
238
247
250
217
236
223
245
239
240
241
276
248
257
228
275
266
246
257
238
237
239
248
256
259
253
248
264
267
241
209
232
267
215
270
241
241
247
228
227
272
249
245
250
251
235
254
243
227
252
257
243
223
238
230
232
238
253
228
259
232
225
237
227
219
249
251
221
238
244
222
270
241
237
220
257
248
282
262
269
235
248
265
238
244
274
257
252
227
239
263
234
262
237
252
236
242
239
244
247
220
258
221
253
234
228
258
247
230
260
283
249
252
266
248
219
255
259
265
246
252
258
272
268
290
211
211
257
236
270
213
286
218
210
253
260
255
244
248
227
277
240
271
231
266
227
231
245
217
232
268
232
229
231
254
258
260
236
214
212
272
248
266
240
228
243
253
250
236
259
262
239
248
258
263
264
197
248
252
223
233
224
258
254
253
242
257
224
237
245
263
221
230
232
248
269
249
252
233
266
238
255
233
254
228
249
236
243
265
260
227
253
278
237
249
263
242
233
264
234
226
223
226
260
239
247
252
215
256
243
242
273
245
260
239
266
261
259
233
244
268
244
226
263
263
237
259
241
232
249
246
265
232
228
249
258
260
248
229
235
235
246
230
242
250
236
217
251
237
242
248
248
239
259
261
248
247
243
246
237
235
239
244
230
242
248
254
237
267
245
212
258
250
257
255
264
241
252
227
254
258
254
235
250
248
247
241
246
266
252
250
239
240
246
243
270
226
252
246
252
234
251
263
216
214
247
262
239
250
248
268
244
253
246
214
254
257
252
259
246
246
266
255
259
230
226
222
256
246
228
248
243
269
258
246
245
232
233
236
247
213
231
226
258
214
226
269
227
226
248
211
258
249
231
244
258
274
216
267
245
253
224
229
264
241
243
262
255
269
241
258
235
223
223
249
216
250
221
231
243
256
266
233
254
246
229
223
262
237
245
251
263
233
260
236
252
243
231
234
257
249
265
234
249
231
228
237
254
252
238
262
235
239
252
232
255
259
240
241
236
231
227
229
264
257
253
268
229
267
255
256
245
253
230
239
215
257
251
238
234
229
268
231
244
242
233
243
254
236
249
279
220
245
238
241
272
266
235
237
261
259
270
226
246
253
255
245
210
239
254
238
252
239
229
253
261
249
240
224
231
246
262
264
234
254
255
240
230
241
253
242
225
246
267
279
230
246
224
264
233
224
261
251
231
255
229
242
235
266
244
252
225
240
271
218
255
220
234
270
243
239
264
235
252
255
249
229
234
239
250
253
253
242
247
239
246
259
248
268
237
227
222
231
237
238
263
243
248
232
256
249
243
258
237
247
244
225
253
238
257
234
216
239
242
249
231
265
244
265
234
235
246
232
246
258
249
247
243
229
257
220
224
252
253
251
238
240
249
230
241
237
250
242
254
229
255
254
280
235
247
244
217
252
233
231
241
229
269
256
254
233
257
218
255
251
240
257
253
245
264
255
225
248
244
254
257
246
264
252
250
245
247
251
239
227
232
252
225
236
239
252
261
248
272
248
246
249
248
240
230
253
246
232
250
279
268
259
244
263
251
225
259
240
247
235
231
251
240
228
214
245
224
264
225
253
225
245
225
229
233
255
240
229
265
246
240
236
262
248
253
234
230
254
260
249
214
238
248
267
266
266
272
229
215
244
233
257
218
267
249
242
253
250
249
228
266
237
275
231
232
253
237
238
241
244
245
250
225
223
233
235
229
251
252
230
244
256
248
238
236
219
235
233
243
240
241
246
230
251
236
231
271
212
231
228
241
239
231
234
237
254
226
241
314
237
258
247
263
235
242
219
248
257
269
242
242
252
240
257
229
238
241
241
226
247
256
251
259
264
238
229
267
237
226
240
255
266
225
221
221
238
250
232
228
267
261
250
251
248
241
214
251
264
237
266
290
207
252
257
224
245
266
264
223
247
245
251
241
218
236
222
244
235
258
240
227
248
230
243
240
226
258
235
242
227
251
229
240
266
262
245
262
242
250
253
271
225
241
217
243
239
259
258
284
216
238
237
228
248
258
235
259
224
238
238
233
245
230
236
240
248
256
214
246
258
263
247
238
214
212
259
210
249
245
236
252
263
231
248
240
247
222
231
249
254
239
236
220
269
276
250
260
244
257
236
240
246
243
248
252
233
247
230
257
241
231
243
253
244
235
256
231
256
269
214
231
241
278
211
262
275
233
214
240
251
235
257
195
238
240
237
278
244
244
244
266
242
238
252
264
247
258
239
241
240
248
249
232
287
268
244
253
212
242
240
216
253
237
243
223
256
261
262
252
256
264
208
217
249
237
217
256
237
258
278
246
257
254
278
244
265
241
218
260
228
202
234
230
247
266
245
226
213
248
249
238
226
225
255
254
238
230
249
214
236
262
245
251
256
241
229
249
236
255
215
243
233
237
214
228
248
232
262
237
267
252
237
253
268
251
259
233
249
280
255
251
272
256
263
258
251
229
267
215
253
245
228
215
235
259
260
233
252
236
252
206
242
227
273
245
242
241
220
254
255
257
240
252
244
233
246
271
240
223
233
245
272
247
219
272
255
260
243
237
260
262
247
241
255
248
220
264
253
255
234
237
251
230
241
266
227
246
249
211
240
261
236
252
256
257
248
230
247
234
233
218
273
272
231
213
228
269
255
251
230
242
198
242
264
233
252
221
264
250
254
257
225
258
227
246
274
243
252
235
252
247
238
249
264
261
247
259
228
236
234
228
242
225
217
244
255
257
232
249
221
262
220
315
227
249
257
243
262
251
253
262
220
254
240
247
263
241
248
263
235
237
239
235
254
223
255
226
231
238
255
226
241
235
232
219
241
267
256
197
229
255
259
231
234
260
260
254
231
241
231
228
244
244
270
272
221
262
243
248
254
230
221
252
230
269
239
220
236
259
232
221
232
218
248
245
252
242
255
261
245
260
254
223
233
232
215
235
234
244
274
264
263
222
233
226
239
225
218
232
242
249
258
255
257
250
246
219
210
251
270
257
243
236
237
256
236
251
231
260
235
256
258
238
223
255
214
247
258
231
244
265
233
245
221
218
269
250
270
219
227
241
245
280
244
249
242
252
250
258
252
261
245
229
243
224
245
246
266
249
240
266
268
224
273
257
254
244
253
235
262
236
226
260
222
274
257
262
262
240
241
246
236
282
225
239
233
273
239
264
269
282
233
262
236
218
249
253
240
232
257
246
259
253
227
245
256
237
259
242
233
259
245
245
264
234
238
246
265
247
236
276
243
241
244
215
245
263
243
224
245
249
239
261
244
230
244
246
254
238
260
244
220
258
240
248
234
258
256
267
230
222
242
232
253
254
242
261
225
246
224
255
261
268
227
241
250
262
222
242
256
266
232
249
232
217
256
261
286
265
248
243
247
221
238
239
244
234
242
230
237
254
243
261
252
248
255
236
243
272
231
277
230
251
282
241
272
229
231
234
244
221
258
210
248
244
214
246
220
272
215
222
258
241
251
228
260
250
220
245
251
256
259
247
263
260
249
236
223
245
253
245
240
245
244
226
226
219
224
230
274
235
241
245
231
236
238
234
246
236
243
236
245
249
250
258
251
240
238
234
248
222
244
274
238
247
259
233
245
247
227
218
225
241
231
259
254
237
213
267
250
227
265
266
235
248
274
264
237
245
233
235
236
246
219
219
267
250
232
220
248
270
253
195
253
251
261
218
238
265
236
238
255
243
223
253
252
240
220
253
253
250
234
237
238
254
237
228
262
288
226
284
233
204
221
241
255
257
251
237
231
234
248
269
250
222
220
244
242
246
258
268
256
243
224
248
244
230
247
253
260
259
220
216
250
235
249
261
216
246
228
218
230
243
260
247
239
242
270
222
246
246
238
215
263
226
277
226
226
241
223
225
266
269
221
232
251
230
234
270
218
244
235
247
263
241
239
242
250
231
